Timestamp, HR(bpm), Stress(ms), Resp(brpm)
1724258774, 94, 70.0, NaN
1724258775, 95, 70.0, NaN
1724258776, 95, 70.0, NaN
1724258777, 95, 70.0, NaN
1724258778, 95, 70.0, NaN
1724258779, 95, 70.0, NaN
1724258780, 94, 70.0, NaN
1724258781, 92, 71.0, NaN
1724258782, 87, 71.0, NaN
1724258783, 83, 71.0, NaN
1724258784, 80, 71.0, NaN
1724258785, 79, 71.0, 12.49
1724258786, 78, 72.0, 12.49
1724258787, 78, 72.0, 12.49
1724258788, 77, 72.0, 12.49
1724258789, 75, 72.0, 12.49
1724258790, 75, 72.0, 12.49
1724258791, 75, 72.0, 12.49
1724258792, 75, 72.0, 12.49
1724258793, 75, 72.0, 12.49
1724258794, 75, 72.0, 12.49
1724258795, 76, 72.0, 12.49
1724258796, 76, 69.0, 12.42
1724258797, 77, 69.0, 12.42
1724258798, 78, 69.0, 12.42
1724258799, 78, 69.0, 12.42
1724258800, 79, 69.0, 12.42
1724258801, 81, 48.0, 12.41
1724258802, 84, 48.0, 12.41
1724258803, 87, 48.0, 12.41
1724258804, 88, 48.0, 12.5
1724258805, 89, 48.0, 12.5
1724258806, 89, 48.0, 12.5
1724258807, 89, 48.0, 12.5
1724258808, 90, 48.0, 12.5
1724258809, 91, 48.0, 12.5
1724258810, 91, 48.0, 12.5
1724258811, 90, 48.0, 12.5
1724258812, 90, 48.0, 12.49
1724258813, 90, 48.0, 12.49
1724258814, 90, 48.0, 12.49
1724258815, 89, 48.0, 12.49
1724258816, 89, 55.0, 12.49
1724258817, 89, 55.0, 12.49
1724258818, 88, 55.0, 12.49
1724258819, 88, 55.0, 12.49
1724258820, 88, 55.0, 12.49
1724258821, 88, 58.0, 12.49
1724258822, 87, 58.0, 12.42
1724258823, 87, 58.0, 12.42
1724258824, 87, 58.0, 12.42
1724258825, 87, 58.0, 12.47
1724258826, 87, 65.0, 12.47
1724258827, 87, 65.0, 12.47
1724258828, 87, 65.0, 12.53
1724258829, 86, 65.0, 12.53
1724258830, 86, 65.0, 12.64
1724258831, 86, 70.0, 12.64
1724258832, 86, 70.0, 12.64
1724258833, 86, 70.0, 12.64
1724258834, 86, 70.0, 12.67
1724258835, 86, 70.0, 12.67
1724258836, 86, 65.0, 12.67
1724258837, 86, 65.0, 12.67
1724258838, 87, 65.0, 12.67
1724258839, 87, 65.0, 12.67
1724258840, 86, 65.0, 12.67
1724258841, 86, 64.0, 12.67
1724258842, 88, 64.0, 12.67
1724258843, 90, 64.0, 12.67
1724258844, 90, 64.0, 12.67
1724258845, 90, 64.0, 12.57
1724258846, 91, 64.0, 12.57
1724258847, 92, 64.0, 12.57
1724258848, 92, 64.0, 12.7
1724258849, 92, 64.0, 12.7
1724258850, 93, 64.0, 12.7
1724258851, 92, 64.0, 12.72
1724258852, 92, 64.0, 12.72
1724258853, 92, 64.0, 12.72
1724258854, 91, 64.0, 12.72
1724258855, 91, 64.0, 12.77
1724258856, 90, 66.0, 12.77
1724258857, 90, 66.0, 12.87
1724258858, 90, 66.0, 12.87
1724258859, 89, 66.0, 12.87
1724258860, 89, 66.0, 12.87
1724258861, 89, 66.0, 12.87
1724258862, 89, 66.0, 12.87
1724258863, 88, 66.0, 12.86
1724258864, 89, 66.0, 12.86
1724258865, 89, 66.0, 12.86
1724258866, 90, 71.0, 13.0
1724258867, 91, 71.0, 13.0
1724258868, 92, 71.0, 13.0
1724258869, 92, 71.0, 13.0
1724258870, 91, 71.0, 13.0
1724258871, 90, 72.0, 13.0
1724258872, 92, 72.0, 13.0
1724258873, 93, 72.0, 13.0
1724258874, 93, 72.0, 13.0
1724258875, 94, 72.0, 13.0
1724258876, 94, 73.0, 12.92
1724258877, 94, 73.0, 12.98
1724258878, 94, 73.0, 12.98
1724258879, 93, 73.0, 12.98
1724258880, 93, 73.0, 12.98
1724258881, 93, 73.0, 12.98
1724258882, 93, 73.0, 12.98
1724258883, 93, 73.0, 12.85
1724258884, 93, 73.0, 12.85
1724258885, 92, 73.0, 12.85
1724258886, 92, 74.0, 12.85
1724258887, 92, 74.0, 12.85
1724258888, 92, 74.0, 12.85
1724258889, 92, 74.0, 12.85
1724258890, 92, 74.0, 12.85
1724258891, 92, 75.0, 12.85
1724258892, 92, 75.0, 12.84
1724258893, 92, 75.0, 12.84
1724258894, 92, 75.0, 12.84
1724258895, 92, 75.0, 12.84
1724258896, 92, 75.0, 12.84
1724258897, 92, 75.0, 12.84
1724258898, 92, 75.0, 12.84
1724258899, 93, 75.0, 12.84
1724258900, 93, 75.0, 12.84
1724258901, 94, 75.0, 12.84
1724258902, 94, 75.0, 12.84
1724258903, 93, 75.0, 12.84
1724258904, 93, 75.0, 12.84
1724258905, 92, 75.0, 12.53
1724258906, 91, 76.0, 12.53
1724258907, 90, 76.0, 12.53
1724258908, 92, 76.0, 12.53
1724258909, 93, 76.0, 12.53
1724258910, 92, 76.0, 12.53
1724258911, 91, 75.0, 12.53
1724258912, 90, 75.0, 12.31
1724258913, 90, 75.0, 12.31
1724258914, 90, 75.0, 12.31
1724258915, 90, 75.0, 12.31
1724258916, 91, 75.0, 12.31
1724258917, 91, 75.0, 12.39
1724258918, 91, 75.0, 12.39
1724258919, 91, 75.0, 12.39
1724258920, 91, 75.0, 12.39
1724258921, 91, 75.0, 12.39
1724258922, 90, 75.0, 12.39
1724258923, 90, 75.0, 12.2
1724258924, 90, 75.0, 12.2
1724258925, 90, 75.0, 12.2
1724258926, 90, 74.0, 12.2
1724258927, 90, 74.0, 12.36
1724258928, 91, 74.0, 12.36
1724258929, 93, 74.0, 12.44
1724258930, 94, 74.0, 12.44
1724258931, 95, 75.0, 12.44
1724258932, 96, 75.0, 12.66
1724258933, 97, 75.0, 12.66
1724258934, 97, 75.0, 12.89
1724258935, 97, 75.0, 12.89
1724258936, 97, 75.0, 12.89
1724258937, 98, 75.0, 12.89
1724258938, 98, 75.0, 13.27
1724258939, 99, 75.0, 13.27
1724258940, 100, 75.0, 13.27
1724258941, 99, 75.0, 13.99
1724258942, 99, 75.0, 13.99
1724258943, 98, 75.0, 13.99
1724258944, 98, 75.0, 14.98
1724258945, 97, 75.0, 14.98
1724258946, 96, 77.0, 14.98
1724258947, 95, 77.0, 14.98
1724258948, 94, 77.0, 14.92
1724258949, 94, 77.0, 14.92
1724258950, 94, 77.0, 14.92
1724258951, 94, 78.0, 14.92
1724258952, 94, 78.0, 14.95
1724258953, 95, 78.0, 14.95
1724258954, 95, 78.0, 14.95
1724258955, 95, 78.0, 15.24
1724258956, 95, 79.0, 15.24
1724258957, 94, 79.0, 15.24
1724258958, 94, 79.0, 15.36
1724258959, 93, 79.0, 15.36
1724258960, 92, 79.0, 15.36
1724258961, 91, 78.0, 15.36
1724258962, 88, 78.0, 15.36
1724258963, 84, 78.0, 15.36
1724258964, 80, 78.0, 15.21
1724258965, 79, 78.0, 15.21
1724258966, 78, 74.0, 15.21
1724258967, 78, 74.0, 15.21
1724258968, 78, 74.0, 15.22
1724258969, 78, 74.0, 15.22
1724258970, 79, 74.0, 15.22
1724258971, 79, 70.0, 15.22
1724258972, 81, 70.0, 15.22
1724258973, 83, 70.0, 15.15
1724258974, 86, 70.0, 15.15
1724258975, 88, 70.0, 15.32
1724258976, 92, 66.0, 15.32
1724258977, 93, 66.0, 15.32
1724258978, 94, 66.0, 15.32
1724258979, 95, 66.0, 15.32
1724258980, 95, 66.0, 15.32
1724258981, 94, 63.0, 15.32
1724258982, 95, 63.0, 15.44
1724258983, 95, 63.0, 15.44
1724258984, 94, 63.0, 15.44
1724258985, 94, 63.0, 15.44
1724258986, 93, 61.0, 15.44
1724258987, 93, 61.0, 15.44
1724258988, 93, 61.0, 15.58
1724258989, 93, 61.0, 15.58
1724258990, 94, 61.0, 15.58
1724258991, 94, 60.0, 15.92
1724258992, 94, 60.0, 15.92
1724258993, 94, 60.0, 15.92
1724258994, 93, 60.0, 16.17
1724258995, 93, 60.0, 16.17
1724258996, 93, 61.0, 16.17
1724258997, 93, 61.0, 16.17
1724258998, 93, 61.0, 16.17
1724258999, 93, 61.0, 16.06
1724259000, 93, 61.0, 16.06
1724259001, 93, 60.0, 16.06
1724259002, 92, 60.0, 16.06
1724259003, 92, 60.0, 16.03
1724259004, 92, 60.0, 16.03
1724259005, 92, 60.0, 16.03
1724259006, 91, 61.0, 16.03
1724259007, 91, 61.0, 16.12
1724259008, 91, 61.0, 16.12
1724259009, 90, 61.0, 16.12
1724259010, 90, 61.0, 16.08
1724259011, 90, 60.0, 16.08
1724259012, 90, 60.0, 16.3
1724259013, 90, 60.0, 16.3
1724259014, 90, 60.0, 16.3
1724259015, 90, 60.0, 16.3
1724259016, 90, 59.0, 16.44
1724259017, 90, 59.0, 16.44
1724259018, 90, 59.0, 16.75
1724259019, 90, 59.0, 16.75
1724259020, 89, 59.0, 16.75
1724259021, 89, 60.0, 16.75
1724259022, 89, 60.0, 16.68
1724259023, 89, 60.0, 16.68
1724259024, 89, 60.0, 16.68
1724259025, 89, 60.0, 16.76
1724259026, 89, 61.0, 16.76
1724259027, 89, 61.0, 16.76
1724259028, 88, 61.0, 16.76
1724259029, 88, 61.0, 16.76
1724259030, 88, 61.0, 16.7
1724259031, 88, 63.0, 16.7
1724259032, 88, 63.0, 16.7
1724259033, 88, 63.0, 16.79
1724259034, 88, 63.0, 16.79
1724259035, 88, 63.0, 16.79
1724259036, 88, 63.0, 16.79
1724259037, 88, 63.0, 16.79
1724259038, 88, 63.0, 16.79
1724259039, 88, 63.0, 16.79
1724259040, 90, 63.0, 16.79
1724259041, 90, 66.0, 16.79
1724259042, 90, 66.0, 16.79
1724259043, 89, 66.0, 16.79
1724259044, 89, 66.0, 16.62
1724259045, 88, 66.0, 16.62
1724259046, 87, 67.0, 16.62
1724259047, 86, 67.0, 16.62
1724259048, 85, 67.0, 16.62
1724259049, 85, 67.0, 16.62
1724259050, 84, 67.0, 16.62
1724259051, 84, 67.0, 16.62
1724259052, 84, 67.0, 16.62
1724259053, 84, 67.0, 16.5
1724259054, 84, 67.0, 16.5
1724259055, 84, 67.0, 16.5
1724259056, 84, 67.0, 16.54
1724259057, 84, 67.0, 16.54
1724259058, 85, 67.0, 16.54
1724259059, 86, 67.0, 16.54
1724259060, 87, 67.0, 16.54
1724259061, 87, 64.0, 16.54
1724259062, 87, 64.0, 16.54
1724259063, 87, 64.0, 16.54
1724259064, 87, 64.0, 16.47
1724259065, 87, 64.0, 16.47
1724259066, 87, 64.0, 16.47
1724259067, 87, 64.0, 16.57
1724259068, 86, 64.0, 16.57
1724259069, 86, 64.0, 16.57
1724259070, 85, 64.0, 16.57
1724259071, 85, 64.0, 16.57
1724259072, 85, 64.0, 16.57
1724259073, 85, 64.0, 16.32
1724259074, 85, 64.0, 16.32
1724259075, 85, 64.0, 16.53
1724259076, 85, 64.0, 16.53
1724259077, 85, 64.0, 16.53
1724259078, 86, 64.0, 16.53
1724259079, 88, 64.0, 16.53
1724259080, 89, 64.0, 16.44
1724259081, 91, 61.0, 16.44
1724259082, 90, 61.0, 16.44
1724259083, 90, 61.0, 16.51
1724259084, 90, 61.0, 16.51
1724259085, 89, 61.0, 16.51
1724259086, 87, 60.0, 16.51
1724259087, 86, 60.0, 16.51
1724259088, 85, 60.0, 16.46
1724259089, 85, 60.0, 16.46
1724259090, 85, 60.0, 16.57
1724259091, 85, 62.0, 16.57
1724259092, 85, 62.0, 16.57
1724259093, 85, 62.0, 16.57
1724259094, 85, 62.0, 16.57
1724259095, 86, 62.0, 16.81
1724259096, 86, 61.0, 16.81
1724259097, 86, 61.0, 16.81
1724259098, 86, 61.0, 16.69
1724259099, 86, 61.0, 16.69
1724259100, 87, 61.0, 16.69
1724259101, 89, 61.0, 16.69
1724259102, 91, 61.0, 16.69
1724259103, 92, 61.0, 16.69
1724259104, 91, 61.0, 16.69
1724259105, 91, 61.0, 16.69
1724259106, 91, 63.0, 16.69
1724259107, 91, 63.0, 16.54
1724259108, 91, 63.0, 16.54
1724259109, 91, 63.0, 16.45
1724259110, 91, 63.0, 16.45
1724259111, 91, 66.0, 16.45
1724259112, 91, 66.0, 16.45
1724259113, 91, 66.0, 16.45
1724259114, 91, 66.0, 16.45
1724259115, 92, 66.0, 16.45
1724259116, 92, 70.0, 16.45
1724259117, 92, 70.0, 16.45
1724259118, 92, 70.0, 16.45
1724259119, 94, 70.0, 16.45
1724259120, 97, 70.0, 16.45
1724259121, 99, 72.0, 16.28
1724259122, 101, 72.0, 16.28
1724259123, 101, 72.0, 16.28
1724259124, 101, 72.0, 16.28
1724259125, 101, 72.0, 16.28
1724259126, 102, 72.0, 16.28
1724259127, 103, 72.0, 16.28
1724259128, 103, 72.0, 16.28
1724259129, 102, 72.0, 16.28
1724259130, 101, 72.0, 15.44
1724259131, 100, 73.0, 15.44
1724259132, 99, 73.0, 15.44
1724259133, 98, 73.0, 15.5
1724259134, 98, 73.0, 15.5
1724259135, 98, 73.0, 15.5
1724259136, 98, 74.0, 15.5
1724259137, 98, 74.0, 15.5
1724259138, 97, 74.0, 15.31
1724259139, 96, 74.0, 15.31
1724259140, 96, 74.0, 15.31
1724259141, 95, 75.0, 15.31
1724259142, 94, 75.0, 15.31
1724259143, 93, 75.0, 15.31
1724259144, 93, 75.0, 15.15
1724259145, 93, 75.0, 15.15
1724259146, 93, 75.0, 15.15
1724259147, 93, 75.0, 15.15
1724259148, 93, 75.0, 15.13
1724259149, 94, 75.0, 15.13
1724259150, 95, 75.0, 15.13
1724259151, 95, 76.0, 15.37
1724259152, 97, 76.0, 15.52
1724259153, 98, 76.0, 15.52
1724259154, 98, 76.0, 15.52
1724259155, 98, 76.0, 15.52
1724259156, 98, 75.0, 15.52
1724259157, 97, 75.0, 15.52
1724259158, 96, 75.0, 15.52
1724259159, 96, 75.0, 15.43
1724259160, 95, 75.0, 15.43
1724259161, 97, 69.0, 15.43
1724259162, 99, 69.0, 15.43
1724259163, 100, 69.0, 15.38
1724259164, 102, 69.0, 15.38
1724259165, 104, 69.0, 15.38
1724259166, 105, 63.0, 15.52
1724259167, 107, 63.0, 15.52
1724259168, 108, 63.0, 15.69
1724259169, 108, 63.0, 15.69
1724259170, 108, 63.0, 15.69
1724259171, 108, 58.0, 15.75
1724259172, 108, 58.0, 15.75
1724259173, 108, 58.0, 15.75
1724259174, 108, 58.0, 15.75
1724259175, 108, 58.0, 15.74
1724259176, 110, 58.0, 15.74
1724259177, 116, 58.0, 15.74
1724259178, 117, 58.0, 15.74
1724259179, 112, 58.0, 15.74
1724259180, 110, 58.0, 15.74
1724259181, 109, 58.0, 15.74
1724259182, 109, 58.0, 15.74
1724259183, 108, 58.0, 15.64
1724259184, 108, 58.0, 15.68
1724259185, 108, 58.0, 15.68
1724259186, 107, 63.0, 15.68
1724259187, 107, 63.0, 15.68
1724259188, 107, 63.0, 15.68
1724259189, 106, 63.0, 15.64
1724259190, 105, 63.0, 15.64
1724259191, 104, 69.0, 15.88
1724259192, 103, 69.0, 15.88
1724259193, 102, 69.0, 15.88
1724259194, 100, 69.0, 16.06
1724259195, 98, 69.0, 16.06
1724259196, 97, 77.0, 16.06
1724259197, 97, 77.0, 16.06
1724259198, 96, 77.0, 16.16
1724259199, 96, 77.0, 16.16
1724259200, 96, 77.0, 16.16
1724259201, 96, 81.0, 16.16
1724259202, 95, 81.0, 16.16
1724259203, 95, 81.0, 16.16
1724259204, 95, 81.0, 15.87
1724259205, 94, 81.0, 15.87
1724259206, 94, 82.0, 16.09
1724259207, 88, 82.0, 16.09
1724259208, 84, 82.0, 16.09
1724259209, 83, 82.0, 16.09
1724259210, 83, 82.0, 16.09
1724259211, 82, 79.0, 16.05
1724259212, 82, 79.0, 16.05
1724259213, 82, 79.0, 16.05
1724259214, 82, 79.0, 16.05
1724259215, 83, 79.0, 16.05
1724259216, 83, 77.0, 16.05
1724259217, 83, 77.0, 15.92
1724259218, 83, 77.0, 15.92
1724259219, 83, 77.0, 15.92
1724259220, 83, 77.0, 16.01
1724259221, 83, 69.0, 16.01
1724259222, 83, 69.0, 16.01
1724259223, 83, 69.0, 16.01
1724259224, 83, 69.0, 16.01
1724259225, 83, 69.0, 15.96
1724259226, 83, 66.0, 15.96
1724259227, 84, 66.0, 15.96
1724259228, 85, 66.0, 15.96
1724259229, 87, 66.0, 15.96
1724259230, 87, 66.0, 15.96
1724259231, 88, 64.0, 15.75
1724259232, 88, 64.0, 15.75
1724259233, 89, 64.0, 15.75
1724259234, 90, 64.0, 15.74
1724259235, 90, 64.0, 15.74
1724259236, 90, 62.0, 15.74
1724259237, 90, 62.0, 15.91
1724259238, 90, 62.0, 15.91
1724259239, 91, 62.0, 15.91
1724259240, 91, 62.0, 15.91
1724259241, 90, 63.0, 15.91
1724259242, 90, 63.0, 15.83
1724259243, 89, 63.0, 15.83
1724259244, 89, 63.0, 15.98
1724259245, 89, 63.0, 15.98
1724259246, 89, 64.0, 15.98
1724259247, 89, 64.0, 15.98
1724259248, 89, 64.0, 16.12
1724259249, 89, 64.0, 16.12
1724259250, 89, 64.0, 16.12
1724259251, 88, 69.0, 16.12
1724259252, 88, 69.0, 16.12
1724259253, 88, 69.0, 16.12
1724259254, 87, 69.0, 16.12
1724259255, 87, 69.0, 15.99
1724259256, 87, 69.0, 15.99
1724259257, 87, 69.0, 16.12
1724259258, 87, 69.0, 16.12
1724259259, 88, 69.0, 16.12
1724259260, 89, 69.0, 16.12
1724259261, 88, 70.0, 16.11
1724259262, 88, 70.0, 16.11
1724259263, 88, 70.0, 16.11
1724259264, 88, 70.0, 16.11
1724259265, 88, 70.0, 16.11
1724259266, 88, 70.0, 16.06
1724259267, 87, 70.0, 16.06
1724259268, 87, 70.0, 16.06
1724259269, 87, 70.0, 16.06
1724259270, 86, 70.0, 16.06
1724259271, 86, 68.0, 16.06
1724259272, 86, 68.0, 16.06
1724259273, 86, 68.0, 16.06
1724259274, 85, 68.0, 16.08
1724259275, 85, 68.0, 16.08
1724259276, 86, 66.0, 16.39
1724259277, 86, 66.0, 16.39
1724259278, 87, 66.0, 16.39
1724259279, 87, 66.0, 16.39
1724259280, 88, 66.0, 16.27
1724259281, 89, 63.0, 16.27
1724259282, 91, 63.0, 16.27
1724259283, 93, 63.0, 16.55
1724259284, 94, 63.0, 16.55
1724259285, 95, 63.0, 16.55
1724259286, 95, 62.0, 16.55
1724259287, 96, 62.0, 16.55
1724259288, 96, 62.0, 16.55
1724259289, 96, 62.0, 16.5
1724259290, 96, 62.0, 16.57
1724259291, 96, 60.0, 16.57
1724259292, 97, 60.0, 16.57
1724259293, 97, 60.0, 16.57
1724259294, 97, 60.0, 16.69
1724259295, 98, 60.0, 16.69
1724259296, 98, 60.0, 16.69
1724259297, 98, 60.0, 16.69
1724259298, 98, 60.0, 16.78
1724259299, 98, 60.0, 16.78
1724259300, 98, 60.0, 16.78
1724259301, 98, 64.0, 16.78
1724259302, 99, 64.0, 16.78
1724259303, 99, 64.0, 16.4
1724259304, 99, 64.0, 16.4
1724259305, 99, 64.0, 16.4
1724259306, 99, 68.0, 16.43
1724259307, 99, 68.0, 16.43
1724259308, 99, 68.0, 16.43
1724259309, 98, 68.0, 16.62
1724259310, 97, 68.0, 16.62
1724259311, 96, 74.0, 16.62
1724259312, 95, 74.0, 16.62
1724259313, 94, 74.0, 16.62
1724259314, 93, 74.0, 16.59
1724259315, 91, 74.0, 16.59
1724259316, 90, 77.0, 16.59
1724259317, 90, 77.0, 16.59
1724259318, 90, 77.0, 16.45
1724259319, 91, 77.0, 16.45
1724259320, 91, 77.0, 16.45
1724259321, 91, 80.0, 16.45
1724259322, 91, 80.0, 16.45
1724259323, 92, 80.0, 16.29
1724259324, 92, 80.0, 16.29
1724259325, 92, 80.0, 16.47
1724259326, 92, 80.0, 16.47
1724259327, 91, 80.0, 16.47
1724259328, 91, 80.0, 16.55
1724259329, 90, 80.0, 16.55
1724259330, 89, 80.0, 16.55
1724259331, 88, 78.0, 16.55
1724259332, 87, 78.0, 16.56
1724259333, 86, 78.0, 16.56
1724259334, 86, 78.0, 16.56
1724259335, 86, 78.0, 16.66
1724259336, 86, 75.0, 16.66
1724259337, 85, 75.0, 16.91
1724259338, 85, 75.0, 16.91
1724259339, 85, 75.0, 16.91
1724259340, 85, 75.0, 16.91
1724259341, 85, 69.0, 16.91
1724259342, 84, 69.0, 16.91
1724259343, 84, 69.0, 16.7
1724259344, 84, 69.0, 16.7
1724259345, 84, 69.0, 16.98
1724259346, 84, 67.0, 16.98
1724259347, 85, 67.0, 16.98
1724259348, 85, 67.0, 16.98
1724259349, 87, 67.0, 16.84
1724259350, 88, 67.0, 16.84
1724259351, 88, 65.0, 17.01
1724259352, 90, 65.0, 17.01
1724259353, 91, 65.0, 17.01
1724259354, 90, 65.0, 17.01
1724259355, 91, 65.0, 17.01
1724259356, 91, 64.0, 16.95
1724259357, 91, 64.0, 16.95
1724259358, 91, 64.0, 16.95
1724259359, 91, 64.0, 16.95
1724259360, 90, 64.0, 16.95
1724259361, 89, 65.0, 16.95
1724259362, 87, 65.0, 16.95
1724259363, 86, 65.0, 16.95
1724259364, 85, 65.0, 16.95
1724259365, 85, 65.0, 16.84
1724259366, 84, 64.0, 16.84
1724259367, 84, 64.0, 16.84
1724259368, 84, 64.0, 16.84
1724259369, 84, 64.0, 16.84
1724259370, 84, 64.0, 16.84
1724259371, 86, 66.0, 16.75
1724259372, 88, 66.0, 16.75
1724259373, 88, 66.0, 16.75
1724259374, 89, 66.0, 16.75
1724259375, 89, 66.0, 16.81
1724259376, 89, 66.0, 16.81
1724259377, 89, 66.0, 16.81
1724259378, 88, 66.0, 16.76
1724259379, 88, 66.0, 16.76
1724259380, 88, 66.0, 16.76
1724259381, 88, 67.0, 16.76
1724259382, 88, 67.0, 16.76
1724259383, 88, 67.0, 16.76
1724259384, 88, 67.0, 16.76
1724259385, 88, 67.0, 16.65
1724259386, 87, 68.0, 16.65
1724259387, 87, 68.0, 16.65
1724259388, 88, 68.0, 16.52
1724259389, 90, 68.0, 16.52
1724259390, 90, 68.0, 16.52
1724259391, 90, 67.0, 16.52
1724259392, 89, 67.0, 16.57
1724259393, 89, 67.0, 16.57
1724259394, 87, 67.0, 16.57
1724259395, 86, 67.0, 16.57
1724259396, 87, 68.0, 16.57
1724259397, 87, 68.0, 16.26
1724259398, 87, 68.0, 16.26
1724259399, 88, 68.0, 16.41
1724259400, 88, 68.0, 16.41
1724259401, 88, 68.0, 16.41
1724259402, 89, 68.0, 16.41
1724259403, 90, 68.0, 16.41
1724259404, 90, 68.0, 16.41
1724259405, 91, 68.0, 16.41
1724259406, 90, 69.0, 16.41
1724259407, 90, 69.0, 16.41
1724259408, 89, 69.0, 16.08
1724259409, 89, 69.0, 16.08
1724259410, 89, 69.0, 16.08
1724259411, 89, 69.0, 16.08
1724259412, 88, 69.0, 15.8
1724259413, 88, 69.0, 15.8
1724259414, 88, 69.0, 15.8
1724259415, 88, 69.0, 15.8
1724259416, 87, 69.0, 15.8
1724259417, 87, 69.0, 15.8
1724259418, 87, 69.0, 15.52
1724259419, 87, 69.0, 15.52
1724259420, 86, 69.0, 15.52
1724259421, 86, 69.0, 15.65
1724259422, 85, 69.0, 15.65
1724259423, 85, 69.0, 15.65
1724259424, 86, 69.0, 15.64
1724259425, 86, 69.0, 15.64
1724259426, 86, 68.0, 15.64
1724259427, 86, 68.0, 15.64
1724259428, 86, 68.0, 15.7
1724259429, 86, 68.0, 15.7
1724259430, 85, 68.0, 15.8
1724259431, 84, 68.0, 15.8
1724259432, 83, 68.0, 15.8
1724259433, 83, 68.0, 15.8
1724259434, 83, 68.0, 15.8
1724259435, 82, 68.0, 15.8
1724259436, 82, 65.0, 15.8
1724259437, 81, 65.0, 15.8
1724259438, 81, 65.0, 15.8
1724259439, 82, 65.0, 15.66
1724259440, 82, 65.0, 15.66
1724259441, 81, 61.0, 15.66
1724259442, 79, 61.0, 15.66
1724259443, 77, 61.0, 15.63
1724259444, 76, 61.0, 15.63
1724259445, 76, 61.0, 15.63
1724259446, 74, NaN, 15.75
1724259447, 74, NaN, 15.75
1724259448, 75, NaN, 15.75
1724259449, 75, NaN, 15.75
1724259450, 77, NaN, 15.85
1724259451, 77, 57.0, 15.85
1724259452, 78, 57.0, 15.89
1724259453, 79, 57.0, 15.89
1724259454, 80, 57.0, 15.89
1724259455, 81, 57.0, 16.31
1724259456, 82, 49.0, 16.31
1724259457, 83, 49.0, 16.31
1724259458, 84, 49.0, 16.31
1724259459, 85, 49.0, 16.34
1724259460, 86, 49.0, 16.34
1724259461, 86, 45.0, 16.34
1724259462, 87, 45.0, 16.58
1724259463, 89, 45.0, 16.58
1724259464, 91, 45.0, 16.58
1724259465, 92, 45.0, 17.14
1724259466, 93, 40.0, 17.14
1724259467, 93, 40.0, 17.14
1724259468, 93, 40.0, 17.14
1724259469, 92, 40.0, 17.11
1724259470, 92, 40.0, 17.11
1724259471, 91, 36.0, 17.42
1724259472, 89, 36.0, 17.42
1724259473, 90, 36.0, 17.42
1724259474, 90, 36.0, 17.72
1724259475, 90, 36.0, 17.72
1724259476, 91, 35.0, 17.72
1724259477, 90, 35.0, 17.66
1724259478, 90, 35.0, 17.66
1724259479, 89, 35.0, 17.66
1724259480, 89, 35.0, 17.66
1724259481, 88, 35.0, 17.64
1724259482, 88, 35.0, 17.64
1724259483, 88, 35.0, 17.64
1724259484, 88, 35.0, 17.64
1724259485, 88, 35.0, 17.64
1724259486, 88, 36.0, 17.54
1724259487, 88, 36.0, 17.54
1724259488, 88, 36.0, 17.54
1724259489, 88, 36.0, 17.54
1724259490, 89, 36.0, 17.54
1724259491, 89, 38.0, 17.54
1724259492, 89, 38.0, 17.71
1724259493, 89, 38.0, 17.71
1724259494, 88, 38.0, 17.71
1724259495, 86, 38.0, 17.71
1724259496, 83, 43.0, 17.71
1724259497, 82, 43.0, 17.57
1724259498, 82, 43.0, 17.57
1724259499, 81, 43.0, 17.57
1724259500, 81, 43.0, 17.57
1724259501, 81, 45.0, 17.67
1724259502, 81, 45.0, 17.67
1724259503, 84, 45.0, 17.67
1724259504, 86, 45.0, 17.62
1724259505, 88, 45.0, 17.62
1724259506, 88, 48.0, 17.62
1724259507, 87, 48.0, 17.66
1724259508, 88, 48.0, 17.66
1724259509, 90, 48.0, 17.66
1724259510, 91, 48.0, 17.66
1724259511, 93, 52.0, 17.66
1724259512, 95, 52.0, 17.66
1724259513, 95, 52.0, 17.66
1724259514, 96, 52.0, 17.66
1724259515, 96, 52.0, 17.52
1724259516, 96, 56.0, 17.52
1724259517, 97, 56.0, 17.52
1724259518, 96, 56.0, 17.7
1724259519, 95, 56.0, 17.7
1724259520, 95, 56.0, 17.87
1724259521, 94, 60.0, 17.87
1724259522, 94, 60.0, 17.87
1724259523, 94, 60.0, 17.89
1724259524, 94, 60.0, 17.89
1724259525, 94, 60.0, 17.89
1724259526, 95, 62.0, 17.97
1724259527, 97, 62.0, 17.97
1724259528, 99, 62.0, 17.97
1724259529, 99, 62.0, 17.97
1724259530, 99, 62.0, 18.01
1724259531, 98, 69.0, 18.01
1724259532, 98, 69.0, 18.01
1724259533, 99, 69.0, 18.33
1724259534, 98, 69.0, 18.33
1724259535, 99, 69.0, 18.33
1724259536, 98, 75.0, 18.33
1724259537, 98, 75.0, 18.33
1724259538, 98, 75.0, 18.33
1724259539, 109, 75.0, 18.33
1724259540, 122, 75.0, 18.33
1724259541, 124, 80.0, 18.33
1724259542, 123, 80.0, 18.15
1724259543, 124, 80.0, 18.15
1724259544, 123, 80.0, 18.15
1724259545, 121, 80.0, 18.15
1724259546, 119, 84.0, 18.15
1724259547, 116, 84.0, 18.15
1724259548, 114, 84.0, 18.15
1724259549, 112, 84.0, 18.15
1724259550, 109, 84.0, 18.15
1724259551, 109, 88.0, 18.04
1724259552, 108, 88.0, 18.04
1724259553, 106, 88.0, 18.04
1724259554, 103, 88.0, 18.04
1724259555, 99, 88.0, 18.04
1724259556, 97, 90.0, 18.04
1724259557, 94, 90.0, 18.04
1724259558, 90, 90.0, 18.04
1724259559, 88, 90.0, 18.04
1724259560, 88, 90.0, 17.88
1724259561, 88, 91.0, 17.88
1724259562, 88, 91.0, 17.94
1724259563, 88, 91.0, 17.94
1724259564, 88, 91.0, 17.94
1724259565, 88, 91.0, 17.94
1724259566, 87, 88.0, 17.94
1724259567, 87, 88.0, 17.94
1724259568, 87, 88.0, 17.94
1724259569, 86, 88.0, 17.94
1724259570, 86, 88.0, 17.94
1724259571, 85, 84.0, 17.86
1724259572, 85, 84.0, 17.86
1724259573, 84, 84.0, 17.86
1724259574, 84, 84.0, 17.86
1724259575, 84, 84.0, 17.77
1724259576, 84, 80.0, 17.77
1724259577, 84, 80.0, 17.77
1724259578, 85, 80.0, 17.77
1724259579, 85, 80.0, 17.74
1724259580, 86, 80.0, 17.74
1724259581, 86, 75.0, 17.74
1724259582, 87, 75.0, 17.74
1724259583, 86, 75.0, 17.74
1724259584, 86, 75.0, 17.65
1724259585, 86, 75.0, 17.65
1724259586, 85, 70.0, 17.65
1724259587, 84, 70.0, 17.65
1724259588, 83, 70.0, 17.66
1724259589, 83, 70.0, 17.66
1724259590, 82, 70.0, 17.66
1724259591, 82, 63.0, 17.78
1724259592, 82, 63.0, 17.78
1724259593, 82, 63.0, 17.98
1724259594, 83, 63.0, 17.98
1724259595, 83, 63.0, 18.09
1724259596, 84, 61.0, 18.09
1724259597, 87, 61.0, 18.09
1724259598, 88, 61.0, 18.09
1724259599, 88, 61.0, 18.09
1724259600, 89, 61.0, 18.0
1724259601, 89, 60.0, 18.0
1724259602, 89, 60.0, 18.0
1724259603, 89, 60.0, 17.95
1724259604, 89, 60.0, 17.95
1724259605, 89, 60.0, 17.95
1724259606, 89, 58.0, 17.95
1724259607, 89, 58.0, 17.95
1724259608, 88, 58.0, 17.82
1724259609, 88, 58.0, 17.82
1724259610, 88, 58.0, 17.82
1724259611, 88, 59.0, 17.82
1724259612, 88, 59.0, 17.62
1724259613, 89, 59.0, 17.62
1724259614, 89, 59.0, 17.62
1724259615, 89, 59.0, 17.62
1724259616, 90, 60.0, 17.77
1724259617, 89, 60.0, 17.77
1724259618, 89, 60.0, 17.77
1724259619, 90, 60.0, 17.83
1724259620, 90, 60.0, 17.83
1724259621, 90, 60.0, 17.83
1724259622, 90, 60.0, 17.84
1724259623, 90, 60.0, 17.84
1724259624, 90, 60.0, 18.09
1724259625, 91, 60.0, 18.09
1724259626, 91, 55.0, 18.09
1724259627, 92, 55.0, 18.34
1724259628, 93, 55.0, 18.34
1724259629, 94, 55.0, 18.34
1724259630, 96, 55.0, 18.6
1724259631, 97, 51.0, 18.6
1724259632, 98, 51.0, 18.6
1724259633, 98, 51.0, 18.54
1724259634, 99, 51.0, 18.54
1724259635, 99, 51.0, 18.54
1724259636, 99, 48.0, 18.59
1724259637, 99, 48.0, 18.59
1724259638, 99, 48.0, 18.59
1724259639, 98, 48.0, 18.79
1724259640, 96, 48.0, 18.79
1724259641, 93, 42.0, 18.79
1724259642, 93, 42.0, 18.83
1724259643, 92, 42.0, 18.83
1724259644, 92, 42.0, 18.83
1724259645, 91, 42.0, 18.83
1724259646, 91, 36.0, 18.83
1724259647, 91, 36.0, 18.47
1724259648, 91, 36.0, 18.47
1724259649, 91, 36.0, 18.47
1724259650, 92, 36.0, 18.24
1724259651, 93, 34.0, 18.24
1724259652, 94, 34.0, 18.24
1724259653, 96, 34.0, 18.3
1724259654, 99, 34.0, 18.3
1724259655, 101, 34.0, 18.3
1724259656, 104, 36.0, 18.3
1724259657, 108, 36.0, 18.03
1724259658, 111, 36.0, 18.03
1724259659, 113, 36.0, 18.03
1724259660, 113, 36.0, 18.03
1724259661, 114, 42.0, 18.03
1724259662, 114, 42.0, 17.75
1724259663, 115, 42.0, 17.75
1724259664, 115, 42.0, 17.91
1724259665, 116, 42.0, 17.91
1724259666, 115, 48.0, 17.91
1724259667, 115, 48.0, 17.91
1724259668, 115, 48.0, 17.85
1724259669, 115, 48.0, 17.85
1724259670, 115, 48.0, 18.0
1724259671, 114, 55.0, 18.0
1724259672, 114, 55.0, 18.0
1724259673, 113, 55.0, 18.0
1724259674, 112, 55.0, 17.8
1724259675, 112, 55.0, 17.8
1724259676, 112, 63.0, 17.8
1724259677, 112, 63.0, 17.8
1724259678, 111, 63.0, 17.64
1724259679, 112, 63.0, 17.64
1724259680, 113, 63.0, 17.64
1724259681, 115, 73.0, 17.64
1724259682, 117, 73.0, 17.64
1724259683, 114, 73.0, 17.64
1724259684, 110, 73.0, 17.64
1724259685, 108, 73.0, 17.64
1724259686, 106, 81.0, 17.64
1724259687, 104, 81.0, 17.64
1724259688, 102, 81.0, 17.45
1724259689, 100, 81.0, 17.45
1724259690, 98, 81.0, 17.45
1724259691, 97, 85.0, 17.45
1724259692, 96, 85.0, 17.45
1724259693, 96, 85.0, 17.45
1724259694, 96, 85.0, 17.45
1724259695, 96, 85.0, 17.45
1724259696, 95, 87.0, 17.31
1724259697, 95, 87.0, 17.31
1724259698, 96, 87.0, 17.31
1724259699, 97, 87.0, 17.31
1724259700, 98, 87.0, 17.31
1724259701, 98, 87.0, 17.31
1724259702, 99, 87.0, 17.31
1724259703, 98, 87.0, 17.31
1724259704, 97, 87.0, 17.31
1724259705, 97, 87.0, 17.06
1724259706, 97, 87.0, 17.06
1724259707, 96, 87.0, 17.06
1724259708, 95, 87.0, 17.06
1724259709, 95, 87.0, 17.06
1724259710, 95, 87.0, 16.67
1724259711, 95, 85.0, 16.67
1724259712, 97, 85.0, 16.67
1724259713, 100, 85.0, 16.67
1724259714, 101, 85.0, 16.67
1724259715, 102, 85.0, 16.65
1724259716, 101, 83.0, 16.65
1724259717, 101, 83.0, 16.65
1724259718, 100, 83.0, 16.65
1724259719, 97, 83.0, 16.65
1724259720, 92, 83.0, 16.65
1724259721, 90, 82.0, 16.27
1724259722, 90, 82.0, 16.27
1724259723, 90, 82.0, 16.35
1724259724, 91, 82.0, 16.35
1724259725, 90, 82.0, 16.35
1724259726, 90, 80.0, 16.35
1724259727, 90, 80.0, 16.35
1724259728, 90, 80.0, 16.35
1724259729, 90, 80.0, 16.35
1724259730, 90, 80.0, 16.35
1724259731, 90, 78.0, 16.35
1724259732, 90, 78.0, 16.19
1724259733, 90, 78.0, 16.19
1724259734, 90, 78.0, 16.19
1724259735, 90, 78.0, 16.19
1724259736, 90, 77.0, 16.05
1724259737, 91, 77.0, 16.05
1724259738, 92, 77.0, 16.15
1724259739, 93, 77.0, 16.15
1724259740, 94, 77.0, 16.15
1724259741, 94, 76.0, 16.15
1724259742, 94, 76.0, 16.14
1724259743, 93, 76.0, 16.14
1724259744, 93, 76.0, 16.24
1724259745, 92, 76.0, 16.24
1724259746, 92, 75.0, 16.24
1724259747, 92, 75.0, 16.24
1724259748, 92, 75.0, 16.23
1724259749, 91, 75.0, 16.23
1724259750, 91, 75.0, 16.23
1724259751, 91, 71.0, 16.23
1724259752, 91, 71.0, 16.23
1724259753, 91, 71.0, 16.23
1724259754, 91, 71.0, 16.23
1724259755, 92, 71.0, 16.23
1724259756, 94, 64.0, 16.11
1724259757, 94, 64.0, 16.11
1724259758, 94, 64.0, 16.11
1724259759, 95, 64.0, 16.11
1724259760, 94, 64.0, 16.01
1724259761, 95, 66.0, 16.01
1724259762, 94, 66.0, 16.01
1724259763, 92, 66.0, 16.01
1724259764, 86, 66.0, 16.01
1724259765, 87, 66.0, 16.01
1724259766, 87, 60.0, 16.1
1724259767, 88, 60.0, 16.1
1724259768, 88, 60.0, 16.08
1724259769, 88, 60.0, 16.08
1724259770, 89, 60.0, 16.08
1724259771, 89, 54.0, 16.08
1724259772, 90, 54.0, 16.0
1724259773, 91, 54.0, 16.0
1724259774, 90, 54.0, 16.0
1724259775, 91, 54.0, 16.17
1724259776, 92, 47.0, 16.17
1724259777, 92, 47.0, 16.17
1724259778, 93, 47.0, 16.41
1724259779, 92, 47.0, 16.41
1724259780, 91, 47.0, 16.41
1724259781, 90, 45.0, 16.41
1724259782, 90, 45.0, 16.41
1724259783, 90, 45.0, 16.41
1724259784, 90, 45.0, 16.41
1724259785, 90, 45.0, 16.26
1724259786, 90, 48.0, 16.26
1724259787, 90, 48.0, 16.26
1724259788, 93, 48.0, 16.26
1724259789, 96, 48.0, 16.26
1724259790, 101, 48.0, 16.26
1724259791, 100, 45.0, 16.26
1724259792, 98, 45.0, 16.14
1724259793, 97, 45.0, 16.14
1724259794, 98, 45.0, 16.24
1724259795, 97, 45.0, 16.24
1724259796, 97, 49.0, 16.24
1724259797, 97, 49.0, 16.24
1724259798, 96, 49.0, 16.24
1724259799, 95, 49.0, 16.24
1724259800, 93, 49.0, 16.23
1724259801, 92, 55.0, 16.26
1724259802, 91, 55.0, 16.26
1724259803, 91, 55.0, 16.26
1724259804, 90, 55.0, 16.26
1724259805, 89, 55.0, 16.29
1724259806, 89, 62.0, 16.29
1724259807, 89, 62.0, 16.65
1724259808, 89, 62.0, 16.65
1724259809, 89, 62.0, 16.65
1724259810, 89, 62.0, 16.88
1724259811, 88, 66.0, 16.88
1724259812, 88, 66.0, 16.88
1724259813, 88, 66.0, 16.88
1724259814, 88, 66.0, 16.88
1724259815, 87, 66.0, 16.88
1724259816, 87, 66.0, 16.69
1724259817, 87, 66.0, 16.69
1724259818, 87, 66.0, 16.69
1724259819, 87, 66.0, 16.69
1724259820, 87, 66.0, 16.69
1724259821, 87, 66.0, 16.62
1724259822, 87, 66.0, 16.62
1724259823, 88, 66.0, 16.62
1724259824, 87, 66.0, 16.62
1724259825, 87, 66.0, 16.62
1724259826, 87, 66.0, 16.52
1724259827, 86, 66.0, 16.52
1724259828, 86, 66.0, 16.68
1724259829, 87, 66.0, 16.68
1724259830, 87, 66.0, 16.68
1724259831, 88, 64.0, 16.82
1724259832, 88, 64.0, 16.82
1724259833, 88, 64.0, 17.0
1724259834, 89, 64.0, 17.0
1724259835, 89, 64.0, 17.0
1724259836, 90, 63.0, 17.14
1724259837, 91, 63.0, 17.14
1724259838, 91, 63.0, 17.14
1724259839, 90, 63.0, 17.14
1724259840, 90, 63.0, 17.04
1724259841, 90, 63.0, 17.04
1724259842, 90, 63.0, 17.04
1724259843, 90, 63.0, 17.04
1724259844, 90, 63.0, 17.0
1724259845, 90, 63.0, 17.0
1724259846, 90, 65.0, 17.0
1724259847, 90, 65.0, 17.0
1724259848, 91, 65.0, 17.0
1724259849, 90, 65.0, 17.0
1724259850, 90, 65.0, 16.84
1724259851, 90, 67.0, 16.84
1724259852, 90, 67.0, 16.84
1724259853, 90, 67.0, 16.85
1724259854, 90, 67.0, 16.85
1724259855, 90, 67.0, 16.85
1724259856, 90, 67.0, 16.85
1724259857, 90, 67.0, 16.85
1724259858, 90, 67.0, 16.85
1724259859, 90, 67.0, 16.45
1724259860, 90, 67.0, 16.45
1724259861, 90, 67.0, 16.45
1724259862, 90, 67.0, 16.45
1724259863, 91, 67.0, 16.45
1724259864, 91, 67.0, 16.5
1724259865, 91, 67.0, 16.5
1724259866, 91, 66.0, 16.5
1724259867, 91, 66.0, 16.5
1724259868, 91, 66.0, 16.5
1724259869, 90, 66.0, 16.5
1724259870, 90, 66.0, 16.5
1724259871, 90, 69.0, 16.5
1724259872, 89, 69.0, 16.16
1724259873, 89, 69.0, 16.16
1724259874, 89, 69.0, 16.16
1724259875, 90, 69.0, 16.16
1724259876, 93, 69.0, 16.16
1724259877, 96, 69.0, 16.16
1724259878, 102, 69.0, 16.16
1724259879, 108, 69.0, 16.16
1724259880, 111, 69.0, 16.16
1724259881, 112, 71.0, 16.16
1724259882, 111, 71.0, 15.89
1724259883, 108, 71.0, 15.89
1724259884, 104, 71.0, 15.89
1724259885, 97, 71.0, 15.89
1724259886, 96, 75.0, 15.86
1724259887, 93, 75.0, 15.86
1724259888, 91, 75.0, 15.86
1724259889, 89, 75.0, 15.86
1724259890, 89, 75.0, 15.86
1724259891, 88, 79.0, 15.86
1724259892, 87, 79.0, 15.86
1724259893, 87, 79.0, 15.71
1724259894, 87, 79.0, 15.71
1724259895, 86, 79.0, 15.71
1724259896, 86, 79.0, 15.71
1724259897, 85, 79.0, 15.71
1724259898, 80, 79.0, 15.71
1724259899, 77, 79.0, 15.71
1724259900, 77, 79.0, 15.71
1724259901, 77, 72.0, 15.71
1724259902, 77, 72.0, 15.3
1724259903, 77, 72.0, 15.3
1724259904, 77, 72.0, 15.3
1724259905, 77, 72.0, 15.3
1724259906, 77, 66.0, 15.3
1724259907, 77, 66.0, 14.81
1724259908, 77, 66.0, 14.81
1724259909, 78, 66.0, 14.81
1724259910, 79, 66.0, 14.97
1724259911, 79, 55.0, 15.05
1724259912, 79, 55.0, 15.05
1724259913, 79, 55.0, 15.05
1724259914, 79, 55.0, 15.05
1724259915, 80, 55.0, 15.11
1724259916, 79, 47.0, 15.11
1724259917, 79, 47.0, 15.11
1724259918, 81, 47.0, 15.22
1724259919, 82, 47.0, 15.22
1724259920, 83, 47.0, 15.22
1724259921, 85, 38.0, 15.22
1724259922, 86, 38.0, 15.22
1724259923, 86, 38.0, 15.22
1724259924, 87, 38.0, 15.22
1724259925, 88, 38.0, 15.08
1724259926, 88, 38.0, 15.08
1724259927, 89, 38.0, 15.08
1724259928, 89, 38.0, 15.08
1724259929, 90, 38.0, 15.17
1724259930, 90, 38.0, 15.17
1724259931, 90, 39.0, 15.36
1724259932, 90, 39.0, 15.36
1724259933, 90, 39.0, 15.36
1724259934, 90, 39.0, 15.36
1724259935, 91, 39.0, 15.36
1724259936, 91, 45.0, 15.36
1724259937, 91, 45.0, 15.36
1724259938, 91, 45.0, 15.29
1724259939, 92, 45.0, 15.29
1724259940, 91, 45.0, 15.35
1724259941, 92, 51.0, 15.35
1724259942, 92, 51.0, 15.59
1724259943, 93, 51.0, 15.59
1724259944, 95, 51.0, 15.59
1724259945, 96, 51.0, 15.59
1724259946, 97, 60.0, 15.59
1724259947, 97, 60.0, 15.59
1724259948, 96, 60.0, 15.59
1724259949, 95, 60.0, 15.65
1724259950, 95, 60.0, 15.65
1724259951, 94, 67.0, 15.65
1724259952, 93, 67.0, 15.44
1724259953, 92, 67.0, 15.44
1724259954, 92, 67.0, 15.44
1724259955, 92, 67.0, 15.44
1724259956, 91, 70.0, 15.45
1724259957, 91, 70.0, 15.45
1724259958, 90, 70.0, 15.68
1724259959, 90, 70.0, 15.68
1724259960, 89, 70.0, 15.68
1724259961, 89, 75.0, 15.78
1724259962, 88, 75.0, 15.78
1724259963, 88, 75.0, 15.78
1724259964, 88, 75.0, 15.9
1724259965, 88, 75.0, 15.9
1724259966, 89, 75.0, 15.9
1724259967, 90, 75.0, 15.9
1724259968, 90, 75.0, 15.9
1724259969, 91, 75.0, 15.9
1724259970, 93, 75.0, 15.9
1724259971, 93, 73.0, 16.23
1724259972, 94, 73.0, 16.23
1724259973, 95, 73.0, 16.23
1724259974, 96, 73.0, 16.23
1724259975, 98, 73.0, 16.23
1724259976, 99, 72.0, 16.04
1724259977, 100, 72.0, 16.04
1724259978, 101, 72.0, 16.04
1724259979, 102, 72.0, 16.04
1724259980, 104, 72.0, 16.04
1724259981, 104, 71.0, 16.04
1724259982, 105, 71.0, 15.91
1724259983, 106, 71.0, 15.91
1724259984, 107, 71.0, 15.91
1724259985, 107, 71.0, 15.91
1724259986, 107, 70.0, 15.9
1724259987, 107, 70.0, 15.9
1724259988, 108, 70.0, 15.9
1724259989, 108, 70.0, 15.9
1724259990, 108, 70.0, 15.83
1724259991, 108, 73.0, 15.83
1724259992, 108, 73.0, 15.83
1724259993, 108, 73.0, 15.83
1724259994, 107, 73.0, 15.83
1724259995, 107, 73.0, 15.83
1724259996, 106, 76.0, 15.85
1724259997, 106, 76.0, 15.85
1724259998, 106, 76.0, 15.37
1724259999, 106, 76.0, 15.37
1724260000, 106, 76.0, 15.37
1724260001, 106, 80.0, 15.37
1724260002, 107, 80.0, 15.71
1724260003, 108, 80.0, 15.71
1724260004, 110, 80.0, 15.71
1724260005, 108, 80.0, 15.92
1724260006, 105, 83.0, 15.92
1724260007, 99, 83.0, 15.92
1724260008, 98, 83.0, 16.17
1724260009, 98, 83.0, 16.17
1724260010, 96, 83.0, 16.17
1724260011, 92, 84.0, 16.32
1724260012, 88, 84.0, 16.32
1724260013, 86, 84.0, 16.32
1724260014, 86, 84.0, 16.32
1724260015, 86, 84.0, 16.32
1724260016, 86, 86.0, 16.32
1724260017, 86, 86.0, 16.32
1724260018, 86, 86.0, 16.32
1724260019, 85, 86.0, 16.32
1724260020, 85, 86.0, 16.15
1724260021, 84, 84.0, 16.15
1724260022, 84, 84.0, 16.15
1724260023, 83, 84.0, 16.15
1724260024, 82, 84.0, 16.15
1724260025, 81, 84.0, 16.15
1724260026, 81, 80.0, 16.15
1724260027, 81, 80.0, 16.15
1724260028, 81, 80.0, 16.03
1724260029, 81, 80.0, 16.03
1724260030, 81, 80.0, 16.03
1724260031, 81, 73.0, 16.03
1724260032, 81, 73.0, 16.03
1724260033, 81, 73.0, 16.07
1724260034, 81, 73.0, 16.07
1724260035, 81, 73.0, 16.07
1724260036, 80, 66.0, 16.07
1724260037, 80, 66.0, 16.07
1724260038, 80, 66.0, 16.07
1724260039, 80, 66.0, 15.96
1724260040, 80, 66.0, 15.96
1724260041, 81, 57.0, 15.96
1724260042, 80, 57.0, 15.96
1724260043, 78, 57.0, 15.96
1724260044, 76, 57.0, 15.96
1724260045, 75, 57.0, 15.96
1724260046, 72, NaN, 15.96
1724260047, 73, NaN, 15.96
1724260048, 73, NaN, 15.75
1724260049, 75, NaN, 15.75
1724260050, 77, NaN, 15.75
1724260051, 79, 43.0, 15.75
1724260052, 80, 43.0, 15.75
1724260053, 81, 43.0, 15.75
1724260054, 82, 43.0, 15.59
1724260055, 84, 43.0, 15.59
1724260056, 84, 37.0, 15.59
1724260057, 85, 37.0, 15.7
1724260058, 85, 37.0, 15.7
1724260059, 86, 37.0, 15.77
1724260060, 87, 37.0, 15.77
1724260061, 87, 40.0, 15.77
1724260062, 86, 40.0, 15.77
1724260063, 87, 40.0, 15.77
1724260064, 87, 40.0, 15.77
1724260065, 86, 40.0, 15.71
1724260066, 86, 44.0, 15.71
1724260067, 86, 44.0, 15.71
1724260068, 86, 44.0, 15.71
1724260069, 85, 44.0, 15.73
1724260070, 85, 44.0, 15.73
1724260071, 85, 48.0, 15.73
1724260072, 85, 48.0, 15.73
1724260073, 84, 48.0, 15.73
1724260074, 84, 48.0, 15.69
1724260075, 84, 48.0, 15.69
1724260076, 84, 51.0, 15.86
1724260077, 84, 51.0, 15.86
1724260078, 84, 51.0, 15.86
1724260079, 84, 51.0, 15.86
1724260080, 84, 51.0, 15.74
1724260081, 84, 57.0, 15.74
1724260082, 84, 57.0, 15.74
1724260083, 83, 57.0, 15.74
1724260084, 83, 57.0, 15.74
1724260085, 83, 57.0, 15.87
1724260086, 82, 62.0, 16.15
1724260087, 82, 62.0, 16.15
1724260088, 81, 62.0, 16.47
1724260089, 82, 62.0, 16.47
1724260090, 82, 62.0, 16.47
1724260091, 80, 63.0, 16.47
1724260092, 80, 63.0, 16.47
1724260093, 79, 63.0, 16.37
1724260094, 80, 63.0, 16.37
1724260095, 80, 63.0, 16.37
1724260096, 79, 59.0, 16.37
1724260097, 79, 59.0, 16.37
1724260098, 79, 59.0, 16.37
1724260099, 79, 59.0, 16.37
1724260100, 80, 59.0, 16.37
1724260101, 81, 55.0, 16.24
1724260102, 80, 55.0, 16.24
1724260103, 79, 55.0, 16.24
1724260104, 79, 55.0, 16.31
1724260105, 78, 55.0, 16.31
1724260106, 78, 49.0, 16.31
1724260107, 77, 49.0, 16.31
1724260108, 77, 49.0, 16.31
1724260109, 77, 49.0, 16.23
1724260110, 78, 49.0, 16.23
1724260111, 79, 43.0, 16.38
1724260112, 78, 43.0, 16.38
1724260113, 78, 43.0, 16.38
1724260114, 79, 43.0, 16.41
1724260115, 79, 43.0, 16.41
1724260116, 79, 38.0, 16.41
1724260117, 80, 38.0, 16.41
1724260118, 80, 38.0, 16.57
1724260119, 81, 38.0, 16.57
1724260120, 81, 38.0, 16.78
1724260121, 82, 33.0, 16.78
1724260122, 82, 33.0, 16.78
1724260123, 82, 33.0, 17.03
1724260124, 82, 33.0, 17.03
1724260125, 83, 33.0, 17.03
1724260126, 84, 33.0, 17.0
1724260127, 84, 33.0, 17.0
1724260128, 84, 33.0, 17.0
1724260129, 85, 33.0, 17.15
1724260130, 84, 33.0, 17.15
1724260131, 84, 36.0, 17.15
1724260132, 85, 36.0, 17.15
1724260133, 85, 36.0, 17.08
1724260134, 85, 36.0, 17.08
1724260135, 86, 36.0, 17.08
1724260136, 85, 39.0, 17.08
1724260137, 84, 39.0, 17.33
1724260138, 82, 39.0, 17.33
1724260139, 83, 39.0, 17.33
1724260140, 82, 39.0, 17.33
1724260141, 84, 45.0, 16.93
1724260142, 84, 45.0, 16.93
1724260143, 85, 45.0, 16.93
1724260144, 86, 45.0, 16.73
1724260145, 86, 45.0, 16.73
1724260146, 86, 51.0, 16.73
1724260147, 86, 51.0, 16.73
1724260148, 86, 51.0, 16.96
1724260149, 86, 51.0, 16.96
1724260150, 86, 51.0, 17.18
1724260151, 86, 57.0, 17.18
1724260152, 86, 57.0, 17.18
1724260153, 86, 57.0, 17.32
1724260154, 88, 57.0, 17.32
1724260155, 90, 57.0, 17.32
1724260156, 88, 62.0, 17.32
1724260157, 88, 62.0, 17.32
1724260158, 89, 62.0, 17.32
1724260159, 89, 62.0, 17.32
1724260160, 90, 62.0, 17.22
1724260161, 91, 64.0, 17.22
1724260162, 92, 64.0, 17.22
1724260163, 92, 64.0, 17.22
1724260164, 93, 64.0, 17.22
1724260165, 94, 64.0, 17.22
1724260166, 93, 69.0, 17.22
1724260167, 93, 69.0, 17.22
1724260168, 92, 69.0, 17.22
1724260169, 92, 69.0, 17.11
1724260170, 92, 69.0, 17.11
1724260171, 92, 72.0, 17.18
1724260172, 92, 72.0, 17.18
1724260173, 92, 72.0, 17.18
1724260174, 92, 72.0, 17.18
1724260175, 92, 72.0, 17.18
1724260176, 92, 72.0, 17.18
1724260177, 92, 72.0, 17.18
1724260178, 92, 72.0, 17.13
1724260179, 93, 72.0, 17.13
1724260180, 93, 72.0, 17.13
1724260181, 94, 71.0, 17.13
1724260182, 94, 71.0, 17.14
1724260183, 94, 71.0, 17.14
1724260184, 95, 71.0, 17.14
1724260185, 94, 71.0, 17.16
1724260186, 94, 72.0, 17.16
1724260187, 95, 72.0, 17.22
1724260188, 95, 72.0, 17.22
1724260189, 95, 72.0, 17.22
1724260190, 95, 72.0, 17.22
1724260191, 94, 72.0, 17.22
1724260192, 94, 72.0, 17.16
1724260193, 94, 72.0, 17.16
1724260194, 94, 72.0, 17.16
1724260195, 93, 72.0, 17.16
1724260196, 93, 72.0, 17.16
1724260197, 93, 72.0, 17.16
1724260198, 93, 72.0, 17.16
1724260199, 92, 72.0, 17.16
1724260200, 91, 72.0, 16.99
1724260201, 91, 70.0, 16.99
1724260202, 90, 70.0, 17.03
1724260203, 90, 70.0, 17.03
1724260204, 89, 70.0, 17.03
1724260205, 89, 70.0, 17.03
1724260206, 90, 72.0, 17.03
1724260207, 90, 72.0, 16.9
1724260208, 91, 72.0, 16.9
1724260209, 91, 72.0, 16.9
1724260210, 91, 72.0, 16.9
1724260211, 91, 73.0, 16.9
1724260212, 91, 73.0, 16.9
1724260213, 91, 73.0, 17.01
1724260214, 91, 73.0, 17.01
1724260215, 91, 73.0, 17.01
1724260216, 91, 73.0, 16.84
1724260217, 91, 73.0, 16.84
1724260218, 92, 73.0, 16.97
1724260219, 92, 73.0, 16.97
1724260220, 93, 73.0, 16.97
1724260221, 93, 74.0, 16.97
1724260222, 93, 74.0, 16.95
1724260223, 93, 74.0, 16.95
1724260224, 93, 74.0, 16.95
1724260225, 93, 74.0, 17.06
1724260226, 93, 72.0, 17.06
1724260227, 93, 72.0, 17.19
1724260228, 92, 72.0, 17.19
1724260229, 90, 72.0, 17.19
1724260230, 88, 72.0, 17.19
1724260231, 85, 69.0, 17.19
1724260232, 83, 69.0, 17.19
1724260233, 84, 69.0, 17.19
1724260234, 87, 69.0, 17.04
1724260235, 87, 69.0, 17.04
1724260236, 88, 65.0, 17.04
1724260237, 89, 65.0, 17.01
1724260238, 89, 65.0, 17.01
1724260239, 88, 65.0, 17.01
1724260240, 88, 65.0, 17.06
1724260241, 88, 62.0, 17.06
1724260242, 88, 62.0, 17.06
1724260243, 88, 62.0, 17.06
1724260244, 89, 62.0, 17.06
1724260245, 90, 62.0, 17.06
1724260246, 90, 58.0, 17.06
1724260247, 91, 58.0, 17.06
1724260248, 93, 58.0, 16.89
1724260249, 94, 58.0, 16.89
1724260250, 96, 58.0, 16.89
1724260251, 96, 54.0, 16.89
1724260252, 96, 54.0, 16.89
1724260253, 96, 54.0, 16.89
1724260254, 95, 54.0, 16.89
1724260255, 95, 54.0, 16.89
1724260256, 94, 53.0, 16.89
1724260257, 94, 53.0, 16.65
1724260258, 93, 53.0, 16.65
1724260259, 93, 53.0, 16.65
1724260260, 93, 53.0, 16.65
1724260261, 94, 53.0, 16.65
1724260262, 94, 53.0, 16.65
1724260263, 95, 53.0, 16.46
1724260264, 96, 53.0, 16.46
1724260265, 97, 53.0, 16.46
1724260266, 97, 55.0, 16.26
1724260267, 98, 55.0, 16.26
1724260268, 100, 55.0, 16.26
1724260269, 102, 55.0, 16.26
1724260270, 105, 55.0, 16.35
1724260271, 107, 58.0, 16.35
1724260272, 108, 58.0, 16.35
1724260273, 109, 58.0, 16.45
1724260274, 110, 58.0, 16.45
1724260275, 110, 58.0, 16.45
1724260276, 111, 62.0, 16.45
1724260277, 111, 62.0, 16.45
1724260278, 111, 62.0, 16.12
1724260279, 111, 62.0, 16.12
1724260280, 111, 62.0, 16.12
1724260281, 111, 67.0, 16.35
1724260282, 111, 67.0, 16.35
1724260283, 111, 67.0, 16.52
1724260284, 110, 67.0, 16.52
1724260285, 110, 67.0, 16.68
1724260286, 110, 72.0, 16.68
1724260287, 109, 72.0, 16.68
1724260288, 108, 72.0, 16.79
1724260289, 108, 72.0, 16.79
1724260290, 107, 72.0, 18.62
1724260291, 106, 78.0, 18.62
1724260292, 106, 78.0, 18.62
1724260293, 105, 78.0, 18.62
1724260294, 104, 78.0, 18.52
1724260295, 103, 78.0, 18.52
1724260296, 102, 83.0, 18.52
1724260297, 102, 83.0, 18.52
1724260298, 102, 83.0, 18.52
1724260299, 102, 83.0, 18.52
1724260300, 104, 83.0, 18.41
1724260301, 104, 87.0, 18.41
1724260302, 105, 87.0, 18.41
1724260303, 106, 87.0, 18.41
1724260304, 106, 87.0, 18.41
1724260305, 106, 87.0, 18.49
1724260306, 106, 89.0, 18.49
1724260307, 106, 89.0, 18.49
1724260308, 105, 89.0, 18.49
1724260309, 102, 89.0, 18.49
1724260310, 98, 89.0, 18.49
1724260311, 97, 90.0, 18.49
1724260312, 96, 90.0, 18.49
1724260313, 96, 90.0, 18.49
1724260314, 95, 90.0, 18.37
1724260315, 95, 90.0, 18.37
1724260316, 95, 90.0, 18.37
1724260317, 96, 90.0, 18.37
1724260318, 96, 90.0, 18.35
1724260319, 96, 90.0, 18.35
1724260320, 96, 90.0, 18.35
1724260321, 95, 87.0, 18.35
1724260322, 94, 87.0, 18.3
1724260323, 93, 87.0, 18.3
1724260324, 92, 87.0, 18.38
1724260325, 93, 87.0, 18.38
1724260326, 91, 85.0, 18.38
1724260327, 92, 85.0, 18.38
1724260328, 91, 85.0, 18.39
1724260329, 90, 85.0, 18.39
1724260330, 89, 85.0, 18.39
1724260331, 89, 82.0, 18.39
1724260332, 89, 82.0, 18.39
1724260333, 89, 82.0, 18.39
1724260334, 89, 82.0, 18.39
1724260335, 88, 82.0, 18.22
1724260336, 88, 79.0, 18.22
1724260337, 89, 79.0, 18.22
1724260338, 90, 79.0, 18.24
1724260339, 90, 79.0, 18.24
1724260340, 90, 79.0, 18.24
1724260341, 90, 76.0, 18.31
1724260342, 89, 76.0, 18.31
1724260343, 90, 76.0, 18.31
1724260344, 92, 76.0, 18.31
1724260345, 94, 76.0, 18.31
1724260346, 94, 73.0, 18.17
1724260347, 94, 73.0, 18.17
1724260348, 95, 73.0, 18.17
1724260349, 94, 73.0, 18.17
1724260350, 96, 73.0, 18.17
1724260351, 99, 72.0, 18.17
1724260352, 99, 72.0, 18.01
1724260353, 98, 72.0, 18.01
1724260354, 97, 72.0, 18.01
1724260355, 96, 72.0, 18.01
1724260356, 94, 69.0, 17.98
1724260357, 95, 69.0, 17.98
1724260358, 94, 69.0, 17.98
1724260359, 94, 69.0, 17.98
1724260360, 93, 69.0, 17.98
1724260361, 92, 66.0, 17.82
1724260362, 92, 66.0, 17.82
1724260363, 90, 66.0, 17.97
1724260364, 90, 66.0, 17.97
1724260365, 90, 66.0, 17.97
1724260366, 90, 65.0, 18.08
1724260367, 91, 65.0, 18.08
1724260368, 93, 65.0, 18.22
1724260369, 92, 65.0, 18.22
1724260370, 96, 65.0, 18.22
1724260371, 100, 64.0, 18.22
1724260372, 101, 64.0, 18.36
1724260373, 102, 64.0, 22.13
1724260374, 103, 64.0, 22.13
1724260375, 104, 64.0, 22.13
1724260376, 105, 64.0, 22.13
1724260377, 104, 64.0, 22.13
1724260378, 103, 64.0, 22.13
1724260379, 103, 64.0, 22.03
1724260380, 102, 64.0, 22.03
1724260381, 101, 66.0, 22.03
1724260382, 100, 66.0, 22.03
1724260383, 99, 66.0, 21.96
1724260384, 98, 66.0, 21.96
1724260385, 97, 66.0, 21.96
1724260386, 96, 68.0, 21.98
1724260387, 96, 68.0, 21.98
1724260388, 96, 68.0, 21.98
1724260389, 96, 68.0, 21.98
1724260390, 96, 68.0, 21.95
1724260391, 95, 69.0, 21.96
1724260392, 95, 69.0, 21.96
1724260393, 95, 69.0, 21.96
1724260394, 95, 69.0, 21.96
1724260395, 95, 69.0, 21.96
1724260396, 95, 72.0, 21.87
1724260397, 98, 72.0, 21.87
1724260398, 101, 72.0, 21.64
1724260399, 102, 72.0, 21.64
1724260400, 102, 72.0, 21.64
1724260401, 101, 74.0, 21.64
1724260402, 100, 74.0, 21.64
1724260403, 100, 74.0, 21.32
1724260404, 99, 74.0, 21.32
1724260405, 97, 74.0, 21.32
1724260406, 96, 75.0, 21.32
1724260407, 93, 75.0, 21.08
1724260408, 100, 75.0, 21.08
1724260409, 104, 75.0, 21.08
1724260410, 105, 75.0, 21.08
1724260411, 105, 75.0, 21.08
1724260412, 106, 75.0, 21.08
1724260413, 105, 75.0, 21.08
1724260414, 104, 75.0, 21.08
1724260415, 102, 75.0, 21.08
1724260416, 100, 78.0, 21.08
1724260417, 96, 78.0, 21.08
1724260418, 83, 78.0, 21.08
1724260419, 81, 78.0, 21.08
1724260420, 80, 78.0, 20.82
1724260421, 81, 82.0, 20.82
1724260422, 81, 82.0, 20.86
1724260423, 81, 82.0, 20.86
1724260424, 81, 82.0, 20.86
1724260425, 82, 82.0, 20.86
1724260426, 82, 81.0, 20.86
1724260427, 83, 81.0, 20.79
1724260428, 83, 81.0, 20.79
1724260429, 83, 81.0, 20.79
1724260430, 84, 81.0, 20.79
1724260431, 85, 80.0, 20.82
1724260432, 86, 80.0, 20.82
1724260433, 86, 80.0, 20.82
1724260434, 86, 80.0, 20.82
1724260435, 86, 80.0, 20.82
1724260436, 85, 78.0, 20.82
1724260437, 85, 78.0, 20.82
1724260438, 86, 78.0, 20.82
1724260439, 87, 78.0, 20.82
1724260440, 88, 78.0, 20.76
1724260441, 88, 75.0, 20.76
1724260442, 88, 75.0, 20.76
1724260443, 88, 75.0, 20.76
1724260444, 88, 75.0, 20.69
1724260445, 87, 75.0, 20.69
1724260446, 87, 72.0, 20.69
1724260447, 86, 72.0, 20.69
1724260448, 86, 72.0, 20.69
1724260449, 85, 72.0, 20.69
1724260450, 84, 72.0, 20.72
1724260451, 83, 68.0, 20.72
1724260452, 82, 68.0, 20.72
1724260453, 82, 68.0, 20.72
1724260454, 81, 68.0, 20.64
1724260455, 80, 68.0, 20.64
1724260456, 80, 66.0, 20.64
1724260457, 80, 66.0, 20.64
1724260458, 80, 66.0, 20.64
1724260459, 80, 66.0, 20.64
1724260460, 80, 66.0, 20.64
1724260461, 80, 61.0, 20.64
1724260462, 80, 61.0, 20.64
1724260463, 81, 61.0, 20.64
1724260464, 82, 61.0, 20.48
1724260465, 83, 61.0, 20.48
1724260466, 84, 59.0, 20.48
1724260467, 85, 59.0, 20.48
1724260468, 85, 59.0, 20.41
1724260469, 86, 59.0, 20.41
1724260470, 86, 59.0, 20.41
1724260471, 87, 57.0, 20.41
1724260472, 88, 57.0, 20.41
1724260473, 89, 57.0, 20.34
1724260474, 89, 57.0, 20.34
1724260475, 89, 57.0, 20.34
1724260476, 89, 52.0, 20.34
1724260477, 89, 52.0, 19.89
1724260478, 89, 52.0, 19.89
1724260479, 89, 52.0, 19.89
1724260480, 89, 52.0, 19.89
1724260481, 86, 50.0, 19.89
1724260482, 85, 50.0, 19.89
1724260483, 86, 50.0, 19.5
1724260484, 86, 50.0, 19.5
1724260485, 87, 50.0, 19.5
1724260486, 87, 48.0, 19.5
1724260487, 87, 48.0, 18.33
1724260488, 86, 48.0, 18.33
1724260489, 86, 48.0, 18.33
1724260490, 86, 48.0, 18.33
1724260491, 86, 51.0, 18.33
1724260492, 85, 51.0, 18.33
1724260493, 85, 51.0, 18.33
1724260494, 85, 51.0, 18.33
1724260495, 86, 51.0, 17.43
1724260496, 86, 51.0, 17.43
1724260497, 86, 51.0, 17.54
1724260498, 87, 51.0, 17.54
1724260499, 87, 51.0, 17.54
1724260500, 88, 51.0, 17.54
1724260501, 88, 53.0, 17.54
1724260502, 88, 53.0, 17.54
1724260503, 88, 53.0, 17.54
1724260504, 88, 53.0, 17.45
1724260505, 88, 53.0, 17.45
1724260506, 88, 57.0, 17.45
1724260507, 88, 57.0, 17.48
1724260508, 89, 57.0, 17.48
1724260509, 89, 57.0, 17.48
1724260510, 90, 57.0, 17.52
1724260511, 90, 57.0, 17.52
1724260512, 91, 57.0, 17.52
1724260513, 91, 57.0, 17.52
1724260514, 92, 57.0, 17.52
1724260515, 92, 57.0, 17.45
1724260516, 93, 57.0, 17.45
1724260517, 94, 57.0, 17.45
1724260518, 96, 57.0, 17.45
1724260519, 97, 57.0, 17.45
1724260520, 97, 57.0, 17.48
1724260521, 98, 57.0, 17.48
1724260522, 97, 57.0, 17.48
1724260523, 97, 57.0, 17.48
1724260524, 96, 57.0, 17.48
1724260525, 96, 57.0, 17.48
1724260526, 96, 58.0, 17.48
1724260527, 95, 58.0, 17.48
1724260528, 95, 58.0, 17.48
1724260529, 95, 58.0, 17.48
1724260530, 95, 58.0, 17.48
1724260531, 95, 57.0, 17.29
1724260532, 95, 57.0, 17.29
1724260533, 95, 57.0, 17.29
1724260534, 95, 57.0, 17.29
1724260535, 96, 57.0, 17.29
1724260536, 96, 57.0, 17.29
1724260537, 96, 57.0, 17.29
1724260538, 96, 57.0, 17.29
1724260539, 95, 57.0, 17.1
1724260540, 93, 57.0, 17.1
1724260541, 92, 57.0, 17.19
1724260542, 90, 57.0, 17.19
1724260543, 89, 57.0, 17.27
1724260544, 88, 57.0, 17.27
1724260545, 88, 57.0, 17.27
1724260546, 88, 59.0, 17.27
1724260547, 87, 59.0, 17.25
1724260548, 87, 59.0, 17.25
1724260549, 87, 59.0, 17.25
1724260550, 87, 59.0, 17.3
1724260551, 86, 60.0, 17.3
1724260552, 86, 60.0, 17.3
1724260553, 86, 60.0, 17.3
1724260554, 86, 60.0, 17.3
1724260555, 86, 60.0, 17.3
1724260556, 86, 60.0, 17.16
1724260557, 86, 60.0, 17.16
1724260558, 86, 60.0, 17.29
1724260559, 88, 60.0, 17.29
1724260560, 89, 60.0, 17.48
1724260561, 89, 63.0, 17.48
1724260562, 90, 63.0, 17.48
1724260563, 90, 63.0, 17.48
1724260564, 91, 63.0, 17.48
1724260565, 91, 63.0, 17.39
1724260566, 92, 65.0, 17.39
1724260567, 92, 65.0, 17.39
1724260568, 92, 65.0, 17.39
1724260569, 92, 65.0, 17.39
1724260570, 92, 65.0, 17.39
1724260571, 91, 67.0, 17.32
1724260572, 91, 67.0, 17.32
1724260573, 92, 67.0, 17.32
1724260574, 92, 67.0, 17.32
1724260575, 92, 67.0, 17.32
1724260576, 93, 69.0, 17.32
1724260577, 93, 69.0, 17.32
1724260578, 92, 69.0, 17.32
1724260579, 92, 69.0, 17.32
1724260580, 92, 69.0, 17.32
1724260581, 92, 72.0, 17.2
1724260582, 92, 72.0, 17.2
1724260583, 93, 72.0, 17.2
1724260584, 92, 72.0, 17.2
1724260585, 92, 72.0, 17.2
1724260586, 92, 73.0, 17.2
1724260587, 92, 73.0, 17.2
1724260588, 92, 73.0, 17.2
1724260589, 92, 73.0, 17.08
1724260590, 92, 73.0, 17.08
1724260591, 92, 75.0, 17.08
1724260592, 92, 75.0, 17.17
1724260593, 91, 75.0, 17.17
1724260594, 91, 75.0, 17.3
1724260595, 92, 75.0, 17.3
1724260596, 93, 75.0, 17.3
1724260597, 94, 75.0, 17.3
1724260598, 95, 75.0, 17.3
1724260599, 96, 75.0, 17.3
1724260600, 96, 75.0, 17.23
1724260601, 94, 75.0, 17.23
1724260602, 93, 75.0, 17.23
1724260603, 93, 75.0, 17.21
1724260604, 93, 75.0, 17.21
1724260605, 94, 75.0, 17.39
1724260606, 94, 76.0, 17.39
1724260607, 94, 76.0, 17.39
1724260608, 93, 76.0, 17.39
1724260609, 93, 76.0, 17.35
1724260610, 93, 76.0, 17.35
1724260611, 93, 74.0, 17.35
1724260612, 93, 74.0, 17.35
1724260613, 93, 74.0, 17.29
1724260614, 92, 74.0, 17.29
1724260615, 92, 74.0, 17.29
1724260616, 91, 72.0, 17.29
1724260617, 90, 72.0, 17.29
1724260618, 89, 72.0, 17.29
1724260619, 88, 72.0, 17.29
1724260620, 88, 72.0, 17.29
1724260621, 88, 72.0, 17.13
1724260622, 88, 72.0, 17.13
1724260623, 88, 72.0, 17.13
1724260624, 89, 72.0, 17.1
1724260625, 89, 72.0, 17.1
1724260626, 89, 71.0, 17.36
1724260627, 89, 71.0, 17.36
1724260628, 89, 71.0, 17.36
1724260629, 92, 71.0, 17.36
1724260630, 94, 71.0, 17.36
1724260631, 96, 70.0, 17.2
1724260632, 97, 70.0, 17.2
1724260633, 97, 70.0, 17.2
1724260634, 97, 70.0, 17.31
1724260635, 95, 70.0, 17.31
1724260636, 93, 70.0, 17.31
1724260637, 92, 70.0, 17.37
1724260638, 91, 70.0, 17.37
1724260639, 91, 70.0, 17.37
1724260640, 91, 70.0, 17.37
1724260641, 91, 72.0, 17.37
1724260642, 91, 72.0, 17.37
1724260643, 91, 72.0, 17.47
1724260644, 93, 72.0, 17.47
1724260645, 96, 72.0, 17.47
1724260646, 98, 74.0, 17.47
1724260647, 100, 74.0, 17.3
1724260648, 99, 74.0, 17.3
1724260649, 101, 74.0, 17.3
1724260650, 101, 74.0, 18.02
1724260651, 101, 74.0, 18.02
1724260652, 99, 74.0, 18.02
1724260653, 98, 74.0, 18.08
1724260654, 97, 74.0, 18.08
1724260655, 98, 74.0, 18.39
1724260656, 98, 75.0, 18.39
1724260657, 99, 75.0, 18.39
1724260658, 98, 75.0, 18.39
1724260659, 97, 75.0, 18.34
1724260660, 99, 75.0, 18.34
1724260661, 101, 75.0, 18.46
1724260662, 104, 75.0, 18.46
1724260663, 103, 75.0, 18.46
1724260664, 101, 75.0, 18.68
1724260665, 100, 75.0, 18.68
1724260666, 99, 72.0, 18.78
1724260667, 100, 72.0, 18.78
1724260668, 100, 72.0, 19.02
1724260669, 101, 72.0, 19.02
1724260670, 102, 72.0, 19.02
1724260671, 102, 72.0, 19.02
1724260672, 103, 72.0, 19.02
1724260673, 104, 72.0, 18.93
1724260674, 104, 72.0, 18.93
1724260675, 103, 72.0, 19.02
1724260676, 102, 73.0, 19.02
1724260677, 103, 73.0, 19.02
1724260678, 104, 73.0, 19.02
1724260679, 105, 73.0, 18.95
1724260680, 105, 73.0, 18.95
1724260681, 106, 75.0, 18.95
1724260682, 106, 75.0, 18.95
1724260683, 105, 75.0, 18.95
1724260684, 105, 75.0, 18.95
1724260685, 104, 75.0, 18.95
1724260686, 103, 77.0, 18.83
1724260687, 102, 77.0, 18.83
1724260688, 100, 77.0, 18.83
1724260689, 100, 77.0, 18.83
1724260690, 99, 77.0, 18.83
1724260691, 98, 79.0, 18.83
1724260692, 97, 79.0, 18.62
1724260693, 97, 79.0, 18.62
1724260694, 96, 79.0, 18.62
1724260695, 94, 79.0, 18.62
1724260696, 92, 82.0, 18.62
1724260697, 91, 82.0, 18.62
1724260698, 90, 82.0, 18.62
1724260699, 90, 82.0, 18.12
1724260700, 90, 82.0, 18.12
1724260701, 90, 82.0, 18.12
1724260702, 90, 82.0, 18.12
1724260703, 89, 82.0, 17.78
1724260704, 89, 82.0, 17.78
1724260705, 88, 82.0, 17.78
1724260706, 88, 81.0, 17.78
1724260707, 87, 81.0, 17.78
1724260708, 87, 81.0, 16.85
1724260709, 87, 81.0, 16.85
1724260710, 86, 81.0, 16.85
1724260711, 85, 75.0, 16.85
1724260712, 85, 75.0, 16.85
1724260713, 85, 75.0, 16.85
1724260714, 85, 75.0, 16.61
1724260715, 85, 75.0, 16.61
1724260716, 85, 72.0, 16.64
1724260717, 85, 72.0, 16.64
1724260718, 85, 72.0, 16.64
1724260719, 86, 72.0, 16.64
1724260720, 86, 72.0, 16.58
1724260721, 86, 69.0, 16.58
1724260722, 87, 69.0, 16.58
1724260723, 87, 69.0, 16.51
1724260724, 87, 69.0, 16.51
1724260725, 86, 69.0, 16.51
1724260726, 86, 68.0, 16.74
1724260727, 86, 68.0, 16.74
1724260728, 86, 68.0, 16.74
1724260729, 86, 68.0, 16.74
1724260730, 85, 68.0, 16.9
1724260731, 86, 68.0, 16.9
1724260732, 87, 68.0, 16.9
1724260733, 92, 68.0, 16.9
1724260734, 97, 68.0, 16.9
1724260735, 99, 68.0, 16.9
1724260736, 100, 69.0, 16.9
1724260737, 100, 69.0, 16.9
1724260738, 100, 69.0, 16.9
1724260739, 100, 69.0, 16.81
1724260740, 101, 69.0, 16.81
1724260741, 102, 75.0, 16.81
1724260742, 103, 75.0, 16.81
1724260743, 103, 75.0, 16.81
1724260744, 103, 75.0, 16.81
1724260745, 102, 75.0, 16.74
1724260746, 101, 78.0, 16.74
1724260747, 101, 78.0, 16.74
1724260748, 101, 78.0, 16.74
1724260749, 101, 78.0, 16.73
1724260750, 100, 78.0, 16.73
1724260751, 100, 81.0, 16.8
1724260752, 99, 81.0, 16.8
1724260753, 98, 81.0, 16.8
1724260754, 97, 81.0, 16.8
1724260755, 95, 81.0, 16.76
1724260756, 93, 82.0, 16.76
1724260757, 92, 82.0, 16.76
1724260758, 92, 82.0, 16.76
1724260759, 90, 82.0, 16.79
1724260760, 91, 82.0, 16.79
1724260761, 90, 83.0, 17.01
1724260762, 90, 83.0, 17.01
1724260763, 91, 83.0, 17.01
1724260764, 91, 83.0, 17.2
1724260765, 91, 83.0, 17.2
1724260766, 92, 81.0, 17.2
1724260767, 93, 81.0, 17.2
1724260768, 94, 81.0, 17.11
1724260769, 94, 81.0, 17.11
1724260770, 94, 81.0, 17.11
1724260771, 94, 79.0, 17.11
1724260772, 94, 79.0, 16.99
1724260773, 94, 79.0, 16.99
1724260774, 93, 79.0, 16.99
1724260775, 93, 79.0, 17.12
1724260776, 93, 78.0, 17.12
1724260777, 92, 78.0, 17.12
1724260778, 92, 78.0, 17.16
1724260779, 91, 78.0, 17.16
1724260780, 90, 78.0, 17.16
1724260781, 90, 76.0, 17.16
1724260782, 90, 76.0, 17.16
1724260783, 89, 76.0, 17.16
1724260784, 89, 76.0, 17.16
1724260785, 88, 76.0, 16.86
1724260786, 87, 75.0, 17.01
1724260787, 87, 75.0, 17.01
1724260788, 89, 75.0, 17.01
1724260789, 90, 75.0, 17.01
1724260790, 90, 75.0, 17.01
1724260791, 90, 74.0, 17.01
1724260792, 89, 74.0, 17.01
1724260793, 88, 74.0, 17.01
1724260794, 88, 74.0, 16.81
1724260795, 86, 74.0, 16.81
1724260796, 83, 74.0, 16.81
1724260797, 82, 74.0, 16.81
1724260798, 81, 74.0, 16.87
1724260799, 81, 74.0, 16.87
1724260800, 81, 74.0, 16.87
1724260801, 81, 72.0, 16.87
1724260802, 81, 72.0, 16.87
1724260803, 82, 72.0, 16.87
1724260804, 82, 72.0, 16.69
1724260805, 83, 72.0, 16.69
1724260806, 84, 67.0, 16.69
1724260807, 88, 67.0, 16.69
1724260808, 89, 67.0, 16.69
1724260809, 89, 67.0, 16.69
1724260810, 89, 67.0, 16.55
1724260811, 89, 63.0, 16.55
1724260812, 88, 63.0, 16.55
1724260813, 88, 63.0, 16.59
1724260814, 88, 63.0, 16.59
1724260815, 87, 63.0, 16.59
1724260816, 87, 63.0, 16.59
1724260817, 87, 63.0, 16.59
1724260818, 87, 63.0, 16.59
1724260819, 87, 63.0, 16.5
1724260820, 87, 63.0, 16.5
1724260821, 88, 63.0, 16.5
1724260822, 88, 63.0, 16.5
1724260823, 89, 63.0, 16.5
1724260824, 89, 63.0, 16.5
1724260825, 89, 63.0, 16.5
1724260826, 89, 62.0, 16.5
1724260827, 90, 62.0, 16.15
1724260828, 90, 62.0, 16.15
1724260829, 90, 62.0, 16.15
1724260830, 91, 62.0, 16.15
1724260831, 91, 63.0, 16.22
1724260832, 91, 63.0, 16.22
1724260833, 91, 63.0, 16.22
1724260834, 90, 63.0, 16.22
1724260835, 90, 63.0, 16.22
1724260836, 89, 68.0, 16.22
1724260837, 88, 68.0, 16.18
1724260838, 87, 68.0, 16.14
1724260839, 87, 68.0, 16.14
1724260840, 86, 68.0, 16.14
1724260841, 86, 70.0, 16.14
1724260842, 86, 70.0, 16.14
1724260843, 87, 70.0, 16.14
1724260844, 86, 70.0, 16.14
1724260845, 86, 70.0, 16.14
1724260846, 86, 69.0, 16.14
1724260847, 86, 69.0, 16.14
1724260848, 86, 69.0, 16.14
1724260849, 86, 69.0, 15.9
1724260850, 86, 69.0, 15.9
1724260851, 85, 69.0, 16.01
1724260852, 85, 69.0, 16.01
1724260853, 85, 69.0, 16.01
1724260854, 85, 69.0, 16.01
1724260855, 85, 69.0, 16.01
1724260856, 85, 68.0, 16.01
1724260857, 85, 68.0, 16.01
1724260858, 85, 68.0, 16.01
1724260859, 86, 68.0, 15.88
1724260860, 86, 68.0, 15.88
1724260861, 84, 67.0, 15.84
1724260862, 82, 67.0, 15.84
1724260863, 81, 67.0, 15.84
1724260864, 82, 67.0, 15.84
1724260865, 83, 67.0, 15.84
1724260866, 84, 63.0, 15.84
1724260867, 83, 63.0, 15.68
1724260868, 83, 63.0, 15.68
1724260869, 85, 63.0, 15.68
1724260870, 87, 63.0, 15.68
1724260871, 87, 61.0, 15.68
1724260872, 86, 61.0, 15.59
1724260873, 86, 61.0, 15.59
1724260874, 85, 61.0, 15.59
1724260875, 85, 61.0, 15.73
1724260876, 84, 61.0, 15.73
1724260877, 85, 61.0, 15.73
1724260878, 85, 61.0, 15.73
1724260879, 85, 61.0, 15.73
1724260880, 88, 61.0, 15.27
1724260881, 93, 55.0, 15.27
1724260882, 97, 55.0, 15.27
1724260883, 101, 55.0, 15.27
1724260884, 104, 55.0, 15.37
1724260885, 107, 55.0, 15.37
1724260886, 107, 50.0, 15.37
1724260887, 107, 50.0, 15.37
1724260888, 106, 50.0, NaN
1724260889, NaN, 50.0, NaN
1724260890, NaN, 50.0, NaN
1724260891, 72, 47.0, NaN
1724260892, NaN, 47.0, NaN
1724260893, NaN, 47.0, NaN
