Timestamp, HR(bpm), Stress(ms), Resp(brpm)
1724330502, 66, 19.0, 12.64
1724330503, 66, 19.0, NaN
1724330504, 66, 19.0, NaN
1724330505, 66, 19.0, NaN
1724330506, 67, 19.0, NaN
1724330507, 68, 19.0, NaN
1724330508, 68, 19.0, NaN
1724330509, 68, 19.0, NaN
1724330510, 69, 19.0, NaN
1724330511, 70, 19.0, 11.92
1724330512, 72, 19.0, 11.92
1724330513, 74, 19.0, 11.92
1724330514, 77, 19.0, 11.92
1724330515, 78, 19.0, 11.92
1724330516, 77, 19.0, 11.92
1724330517, 78, 19.0, 11.92
1724330518, 78, 19.0, 11.92
1724330519, 77, 19.0, 11.92
1724330520, 73, 19.0, 11.89
1724330521, 70, 19.0, 11.89
1724330522, 68, 19.0, 11.89
1724330523, 65, 19.0, 11.89
1724330524, 64, 19.0, 11.89
1724330525, 64, 17.0, 11.89
1724330526, 64, 17.0, 11.89
1724330527, 64, 17.0, 11.98
1724330528, 64, 17.0, 11.98
1724330529, 64, 17.0, 11.98
1724330530, 64, 18.0, 11.98
1724330531, 64, 18.0, 11.98
1724330532, 64, 18.0, 11.98
1724330533, 64, 18.0, 11.98
1724330534, 64, 18.0, 11.98
1724330535, 64, 17.0, 11.98
1724330536, 64, 17.0, 11.98
1724330537, 65, 17.0, 11.98
1724330538, 66, 17.0, 11.93
1724330539, 66, 17.0, 11.93
1724330540, 66, 15.0, 11.93
1724330541, 66, 15.0, 11.99
1724330542, 66, 15.0, 11.99
1724330543, 66, 15.0, 12.08
1724330544, 66, 15.0, 12.08
1724330545, 66, 13.0, 12.08
1724330546, 67, 13.0, 12.14
1724330547, 67, 13.0, 12.14
1724330548, 68, 13.0, 12.25
1724330549, 68, 13.0, 12.25
1724330550, 68, 11.0, 12.25
1724330551, 68, 11.0, 12.64
1724330552, 69, 11.0, 12.64
1724330553, 68, 11.0, 12.64
1724330554, 68, 11.0, 13.22
1724330555, 68, 13.0, 13.22
1724330556, 69, 13.0, 13.22
1724330557, 69, 13.0, 13.5
1724330558, 70, 13.0, 13.5
1724330559, 70, 13.0, 13.5
1724330560, 71, NaN, 13.5
1724330561, 72, NaN, 13.5
1724330562, 79, NaN, 13.49
1724330563, 84, NaN, 13.69
1724330564, 88, NaN, 13.69
1724330565, 92, 18.0, 13.69
1724330566, 93, 18.0, 13.82
1724330567, 94, 18.0, 13.82
1724330568, 94, 18.0, 13.82
1724330569, 94, 18.0, 13.94
1724330570, 93, 25.0, 13.94
1724330571, 91, 25.0, 13.94
1724330572, 91, 25.0, 13.94
1724330573, 90, 25.0, 13.94
1724330574, 89, 25.0, 14.05
1724330575, 88, 41.0, 14.05
1724330576, 87, 41.0, 14.13
1724330577, 87, 41.0, 14.13
1724330578, 86, 41.0, 14.13
1724330579, 85, 41.0, 14.5
1724330580, 83, 53.0, 14.5
1724330581, 83, 53.0, 14.5
1724330582, 83, 53.0, 14.5
1724330583, 83, 53.0, 14.5
1724330584, 83, 53.0, 14.89
1724330585, 83, 62.0, 14.89
1724330586, 83, 62.0, 15.34
1724330587, 83, 62.0, 15.34
1724330588, 83, 62.0, NaN
1724330589, NaN, 62.0, NaN
1724330590, NaN, 62.0, NaN
1724330591, NaN, 62.0, NaN
1724330592, NaN, 62.0, NaN
1724330593, NaN, 62.0, NaN
1724330594, NaN, 62.0, NaN
1724330595, NaN, 69.0, NaN
1724330596, NaN, 69.0, NaN
1724330597, NaN, 69.0, NaN
1724330598, NaN, 69.0, NaN
1724330599, NaN, 69.0, NaN
1724330600, NaN, 66.0, NaN
1724330601, NaN, 66.0, NaN
1724330602, NaN, 66.0, NaN
1724330603, NaN, 66.0, NaN
1724330604, NaN, 66.0, NaN
1724330605, NaN, 62.0, NaN
1724330606, NaN, 62.0, NaN
1724330607, NaN, 62.0, NaN
1724330608, NaN, 62.0, NaN
1724330609, NaN, 62.0, NaN
1724330610, NaN, 57.0, NaN
1724330611, NaN, 57.0, NaN
1724330612, NaN, 57.0, NaN
1724330613, NaN, 57.0, NaN
1724330614, NaN, 57.0, NaN
1724330933, 72, NaN, 15.34
1724330934, 73, NaN, 15.34
1724330935, 71, NaN, 15.34
1724330936, 73, NaN, 15.34
1724330937, 72, NaN, 15.34
1724330938, 74, NaN, 15.34
1724330939, 78, NaN, 16.08
1724330940, 81, NaN, 16.33
1724330941, 83, NaN, 16.33
1724330942, 86, NaN, 16.33
1724330943, 87, NaN, 17.07
1724330944, 88, NaN, 17.07
1724330945, 89, 57.0, 17.07
1724330946, 91, 57.0, 17.07
1724330947, 90, 57.0, 17.07
1724330948, 91, 57.0, 17.07
1724330949, 92, 57.0, 16.71
1724330950, 94, 65.0, 16.71
1724330951, 95, 65.0, 16.71
1724330952, 98, 65.0, 17.0
1724330953, 99, 65.0, 17.0
1724330954, 101, 65.0, 17.0
1724330955, 92, 69.0, 17.08
1724330956, 92, 69.0, 17.08
1724330957, 90, 69.0, 17.08
1724330958, 88, 69.0, 17.08
1724330959, 88, 69.0, 17.13
1724330960, 88, 71.0, 17.13
1724330961, 89, 71.0, 17.42
1724330962, 89, 71.0, 17.42
1724330963, 90, 71.0, 17.42
1724330964, 91, 71.0, 17.42
1724330965, 91, 71.0, 18.02
1724330966, 92, 71.0, 18.02
1724330967, 92, 71.0, 18.02
1724330968, 92, 71.0, 18.02
1724330969, 91, 71.0, 17.75
1724330970, 91, 72.0, 17.75
1724330971, 91, 72.0, 17.75
1724330972, 91, 72.0, 17.75
1724330973, 91, 72.0, 17.72
1724330974, 91, 72.0, 17.72
1724330975, 91, 75.0, 17.72
1724330976, 91, 75.0, 17.93
1724330977, 91, 75.0, 17.93
1724330978, 91, 75.0, 17.93
1724330979, 91, 75.0, 18.04
1724330980, 90, 75.0, 18.04
1724330981, 90, 75.0, 18.04
1724330982, 90, 75.0, 17.96
1724330983, 90, 75.0, 17.96
1724330984, 90, 75.0, 17.96
1724330985, 90, 73.0, 17.96
1724330986, 90, 73.0, 17.88
1724330987, 90, 73.0, 17.88
1724330988, 90, 73.0, 17.88
1724330989, 90, 73.0, 17.86
1724330990, 90, 73.0, 17.86
1724330991, 90, 73.0, 18.12
1724330992, 89, 73.0, 18.12
1724330993, 89, 73.0, 18.12
1724330994, 89, 73.0, 18.12
1724330995, 88, 73.0, 18.12
1724330996, 88, 73.0, 17.98
1724330997, 87, 73.0, 17.98
1724330998, 87, 73.0, 17.98
1724330999, 88, 73.0, 17.98
1724331000, 89, 72.0, 17.98
1724331001, 89, 72.0, 17.85
1724331002, 90, 72.0, 17.85
1724331003, 90, 72.0, 17.85
1724331004, 90, 72.0, 17.85
1724331005, 90, 71.0, 17.83
1724331006, 90, 71.0, 17.83
1724331007, 90, 71.0, 17.83
1724331008, 90, 71.0, 17.89
1724331009, 90, 71.0, 17.89
1724331010, 90, 71.0, 18.06
1724331011, 90, 71.0, 18.06
1724331012, 90, 71.0, 18.06
1724331013, 89, 71.0, 18.06
1724331014, 89, 71.0, 18.06
1724331015, 89, 71.0, 18.06
1724331016, 89, 71.0, 18.06
1724331017, 89, 71.0, 17.87
1724331018, 89, 71.0, 17.87
1724331019, 89, 71.0, 17.87
1724331020, 89, 70.0, 17.87
1724331021, 89, 70.0, 17.87
1724331022, 89, 70.0, 17.87
1724331023, 88, 70.0, 17.87
1724331024, 88, 70.0, 17.7
1724331025, 88, 70.0, 17.7
1724331026, 88, 70.0, 17.7
1724331027, 87, 70.0, 17.7
1724331028, 87, 70.0, 17.65
1724331029, 87, 70.0, 17.65
1724331030, 87, 70.0, 17.65
1724331031, 87, 70.0, 17.65
1724331032, 88, 70.0, 17.65
1724331033, 88, 70.0, 17.51
1724331034, 89, 70.0, 17.51
1724331035, 89, 70.0, 17.51
1724331036, 89, 70.0, 17.51
1724331037, 89, 70.0, 17.51
1724331038, 90, 70.0, 17.51
1724331039, 90, 70.0, 16.77
1724331040, 90, 70.0, 16.77
1724331041, 89, 70.0, 16.77
1724331042, 89, 70.0, 16.77
1724331043, 89, 70.0, 16.77
1724331044, 89, 70.0, 16.8
1724331045, 90, 70.0, 16.8
1724331046, 90, 70.0, 16.8
1724331047, 90, 70.0, 16.8
1724331048, 90, 70.0, 16.8
1724331049, 90, 70.0, 16.8
1724331050, 91, 71.0, 16.8
1724331051, 91, 71.0, 16.27
1724331052, 91, 71.0, 16.27
1724331053, 91, 71.0, 16.27
1724331054, 91, 71.0, 16.27
1724331055, 91, 71.0, 16.27
1724331056, 91, 71.0, 16.27
1724331057, 91, 71.0, 16.27
1724331058, 91, 71.0, 16.39
1724331059, 91, 71.0, 16.39
1724331060, 91, 72.0, 16.39
1724331061, 90, 72.0, 16.34
1724331062, 90, 72.0, 16.34
1724331063, 90, 72.0, 16.34
1724331064, 89, 72.0, 16.46
1724331065, 89, 72.0, 16.46
1724331066, 90, 72.0, 16.84
1724331067, 90, 72.0, 16.84
1724331068, 92, 72.0, 16.84
1724331069, 92, 72.0, 16.84
1724331070, 93, 73.0, 16.82
1724331071, 93, 73.0, 16.82
1724331072, 93, 73.0, 16.82
1724331073, 93, 73.0, 17.13
1724331074, 93, 73.0, 17.13
1724331075, 93, 74.0, 17.13
1724331076, 93, 74.0, 17.13
1724331077, 93, 74.0, 16.99
1724331078, 93, 74.0, 16.99
1724331079, 94, 74.0, 16.99
1724331080, 93, 67.0, 16.99
1724331081, 93, 67.0, 16.99
1724331082, 92, 67.0, 16.99
1724331083, 92, 67.0, 16.99
1724331084, 91, 67.0, 16.81
1724331085, 91, 63.0, 16.81
1724331086, 92, 63.0, 16.95
1724331087, 92, 63.0, 16.95
1724331088, 92, 63.0, 16.95
1724331089, 92, 63.0, 16.95
1724331090, 93, 60.0, 16.95
1724331091, 93, 60.0, 16.95
1724331092, 93, 60.0, 16.87
1724331093, 93, 60.0, 16.87
1724331094, 92, 60.0, 16.87
1724331095, 92, 59.0, 16.87
1724331096, 91, 59.0, 16.89
1724331097, 88, 59.0, 16.98
1724331098, 88, 59.0, 16.98
1724331099, 87, 59.0, 16.98
1724331100, 88, 56.0, 16.98
1724331101, 87, 56.0, 16.98
1724331102, 87, 56.0, 17.08
1724331103, 87, 56.0, 17.08
1724331104, 87, 56.0, 17.06
1724331105, 87, 51.0, 17.06
1724331106, 87, 51.0, 17.06
1724331107, 87, 51.0, 17.06
1724331108, 86, 51.0, 17.07
1724331109, 86, 51.0, 17.07
1724331110, 86, 54.0, 17.07
1724331111, 86, 54.0, 17.04
1724331112, 87, 54.0, 17.04
1724331113, 87, 54.0, 17.04
1724331114, 87, 54.0, 17.37
1724331115, 87, 57.0, 17.37
1724331116, 87, 57.0, 17.65
1724331117, 87, 57.0, 17.65
1724331118, 87, 57.0, 17.86
1724331119, 86, 57.0, 17.86
1724331120, 86, 60.0, 17.86
1724331121, 86, 60.0, 17.86
1724331122, 86, 60.0, 17.86
1724331123, 85, 60.0, 17.76
1724331124, 85, 60.0, 17.76
1724331125, 85, 60.0, 17.76
1724331126, 85, 60.0, 17.76
1724331127, 85, 60.0, 17.72
1724331128, 85, 60.0, 17.72
1724331129, 84, 60.0, 17.72
1724331130, 85, 61.0, 17.72
1724331131, 85, 61.0, 17.72
1724331132, 84, 61.0, 17.64
1724331133, 84, 61.0, 17.64
1724331134, 84, 61.0, 17.77
1724331135, 85, 63.0, 17.77
1724331136, 86, 63.0, 17.77
1724331137, 86, 63.0, 17.77
1724331138, 86, 63.0, 17.7
1724331139, 87, 63.0, 17.7
1724331140, 87, 61.0, 17.92
1724331141, 88, 61.0, 17.92
1724331142, 89, 61.0, 17.92
1724331143, 90, 61.0, 18.14
1724331144, 90, 61.0, 18.14
1724331145, 91, 55.0, 18.59
1724331146, 92, 55.0, 18.59
1724331147, 93, 55.0, 18.59
1724331148, 94, 55.0, 18.74
1724331149, 94, 55.0, 18.74
1724331150, 93, 51.0, 18.74
1724331151, 93, 51.0, 19.43
1724331152, 93, 51.0, 19.43
1724331153, 93, 51.0, 20.09
1724331154, 93, 51.0, 20.09
1724331155, 92, 48.0, 20.09
1724331156, 92, 48.0, 20.09
1724331157, 90, 48.0, 20.09
1724331158, 90, 48.0, 20.09
1724331159, 89, 48.0, 19.93
1724331160, 89, 50.0, 19.93
1724331161, 89, 50.0, 19.93
1724331162, 88, 50.0, 19.93
1724331163, 87, 50.0, 19.93
1724331164, 84, 50.0, 19.93
1724331165, 82, 50.0, 19.74
1724331166, 80, 50.0, 19.74
1724331167, 77, 50.0, 19.74
1724331168, 74, 50.0, 19.74
1724331169, 73, 50.0, 19.74
1724331170, 72, 50.0, 19.59
1724331171, 73, 50.0, 19.59
1724331172, 73, 50.0, 19.59
1724331173, 74, 50.0, 19.59
1724331174, 74, 50.0, 19.59
1724331175, 74, 46.0, 19.22
1724331176, 75, 46.0, 19.22
1724331177, 76, 46.0, 19.22
1724331178, 79, 46.0, 19.22
1724331179, 82, 46.0, 19.22
1724331180, 88, 42.0, 18.86
1724331181, 89, 42.0, 18.86
1724331182, 90, 42.0, 18.86
1724331183, 90, 42.0, 18.96
1724331184, 91, 42.0, 18.99
1724331185, 91, 45.0, 18.99
1724331186, 91, 45.0, 18.99
1724331187, 91, 45.0, 18.99
1724331188, 91, 45.0, 18.99
1724331189, 91, 45.0, 18.99
1724331190, 91, 45.0, 18.99
1724331191, 91, 45.0, 18.99
1724331192, 91, 45.0, 18.91
1724331193, 91, 45.0, 18.91
1724331194, 91, 45.0, 18.91
1724331195, 91, 47.0, 18.91
1724331196, 91, 47.0, 18.88
1724331197, 91, 47.0, 18.88
1724331198, 91, 47.0, 18.88
1724331199, 91, 47.0, 18.88
1724331200, 91, 52.0, 18.88
1724331201, 91, 52.0, 18.88
1724331202, 91, 52.0, 18.81
1724331203, 91, 52.0, 18.81
1724331204, 91, 52.0, 18.81
1724331205, 91, 63.0, 18.81
1724331206, 91, 63.0, 18.75
1724331207, 91, 63.0, 18.75
1724331208, 91, 63.0, 18.82
1724331209, 92, 63.0, 18.82
1724331210, 92, 73.0, 18.82
1724331211, 92, 73.0, 18.82
1724331212, 92, 73.0, 18.79
1724331213, 93, 73.0, 18.79
1724331214, 92, 73.0, 18.91
1724331215, 92, 74.0, 18.91
1724331216, 92, 74.0, 18.91
1724331217, 92, 74.0, 18.91
1724331218, 92, 74.0, 18.82
1724331219, 92, 74.0, 18.82
1724331220, 92, 68.0, 18.82
1724331221, 92, 68.0, 18.82
1724331222, 91, 68.0, 18.86
1724331223, 91, 68.0, 18.86
1724331224, 91, 68.0, 18.86
1724331225, 91, 68.0, 18.86
1724331226, 91, 68.0, 18.75
1724331227, 91, 68.0, 18.75
1724331228, 91, 68.0, 18.75
1724331229, 91, 68.0, 18.69
1724331230, 91, 68.0, 18.69
1724331231, 91, 68.0, 18.69
1724331232, 91, 68.0, 18.69
1724331233, 91, 68.0, 18.76
1724331234, 91, 68.0, 18.76
1724331235, 91, 68.0, 18.89
1724331236, 91, 68.0, 18.89
1724331237, 91, 68.0, 18.89
1724331238, 92, 68.0, 18.89
1724331239, 92, 68.0, 18.82
1724331240, 95, 67.0, 18.82
1724331241, 98, 67.0, 18.82
1724331242, 99, 67.0, 18.82
1724331243, 102, 67.0, 18.82
1724331244, 106, 67.0, 18.82
1724331245, 108, 70.0, 18.82
1724331246, 109, 70.0, 18.58
1724331247, 110, 70.0, 18.58
1724331248, 111, 70.0, 18.58
1724331249, 112, 70.0, 18.58
1724331250, 113, 79.0, 18.58
1724331251, 111, 79.0, 18.58
1724331252, 106, 79.0, 18.58
1724331253, 105, 79.0, 18.41
1724331254, 104, 79.0, 18.41
1724331255, 103, 82.0, 18.41
1724331256, 102, 82.0, 18.41
1724331257, 101, 82.0, 18.41
1724331258, 101, 82.0, 18.41
1724331259, 100, 82.0, 18.41
1724331260, 98, 84.0, 18.27
1724331261, 96, 84.0, 18.27
1724331262, 95, 84.0, 18.18
1724331263, 94, 84.0, 18.18
1724331264, 93, 84.0, 18.18
1724331265, 91, 85.0, 18.18
1724331266, 89, 85.0, 18.18
1724331267, 87, 85.0, 18.18
1724331268, 86, 85.0, 17.69
1724331269, 86, 85.0, 17.69
1724331270, 87, 84.0, 17.69
1724331271, 87, 84.0, 17.69
1724331272, 90, 84.0, 17.69
1724331273, 91, 84.0, 17.69
1724331274, 93, 84.0, 17.69
1724331275, 93, 81.0, 17.69
1724331276, 93, 81.0, 17.69
1724331277, 93, 81.0, 17.69
1724331278, 92, 81.0, 17.69
1724331279, 91, 81.0, 17.07
1724331280, 91, 78.0, 17.07
1724331281, 91, 78.0, 17.09
1724331282, 91, 78.0, 17.09
1724331283, 91, 78.0, 17.09
1724331284, 90, 78.0, 17.09
1724331285, 90, 75.0, 17.09
1724331286, 90, 75.0, 16.89
1724331287, 90, 75.0, 16.89
1724331288, 90, 75.0, 16.89
1724331289, 89, 75.0, 16.89
1724331290, 89, 72.0, 16.84
1724331291, 89, 72.0, 16.84
1724331292, 89, 72.0, 16.84
1724331293, 89, 72.0, 16.84
1724331294, 89, 72.0, 16.86
1724331295, 88, 71.0, 16.86
1724331296, 88, 71.0, 16.86
1724331297, 88, 71.0, 16.81
1724331298, 88, 71.0, 16.81
1724331299, 88, 71.0, 16.81
1724331300, 88, 72.0, 16.81
1724331301, 88, 72.0, 17.02
1724331302, 88, 72.0, 17.35
1724331303, 88, 72.0, 17.35
1724331304, 88, 72.0, 17.35
1724331305, 88, 72.0, 17.66
1724331306, 88, 72.0, 17.66
1724331307, 88, 72.0, 17.66
1724331308, 88, 72.0, 17.66
1724331309, 88, 72.0, 17.63
1724331310, 87, 71.0, 17.63
1724331311, 87, 71.0, 17.63
1724331312, 87, 71.0, 17.63
1724331313, 87, 71.0, 17.63
1724331314, 87, 71.0, 17.63
1724331315, 86, 69.0, 17.63
1724331316, 86, 69.0, 17.63
1724331317, 86, 69.0, 17.63
1724331318, 86, 69.0, 17.47
1724331319, 86, 69.0, 17.47
1724331320, 86, 69.0, 17.47
1724331321, 86, 69.0, 17.47
1724331322, 87, 69.0, 17.47
1724331323, 87, 69.0, 17.42
1724331324, 87, 69.0, 17.42
1724331325, 87, 68.0, 17.49
1724331326, 88, 68.0, 17.49
1724331327, 88, 68.0, 17.49
1724331328, 88, 68.0, 17.49
1724331329, 90, 68.0, 17.44
1724331330, 92, 69.0, 17.44
1724331331, 94, 69.0, 17.44
1724331332, 93, 69.0, 17.44
1724331333, 93, 69.0, 17.37
1724331334, 93, 69.0, 17.37
1724331335, 92, 70.0, 17.37
1724331336, 93, 70.0, 17.37
1724331337, 92, 70.0, 17.15
1724331338, 92, 70.0, 17.15
1724331339, 91, 70.0, 17.15
1724331340, 91, 71.0, 17.15
1724331341, 91, 71.0, 17.04
1724331342, 92, 71.0, 17.04
1724331343, 94, 71.0, 17.04
1724331344, 96, 71.0, 17.33
1724331345, 97, 72.0, 17.33
1724331346, 98, 72.0, 17.33
1724331347, 98, 72.0, 17.33
1724331348, 98, 72.0, 17.33
1724331349, 98, 72.0, 17.15
1724331350, 97, 75.0, 17.15
1724331351, 97, 75.0, 17.15
1724331352, 97, 75.0, 17.15
1724331353, 97, 75.0, 17.01
1724331354, 97, 75.0, 17.01
1724331355, 97, 77.0, 17.01
1724331356, 97, 77.0, 17.01
1724331357, 97, 77.0, 17.01
1724331358, 97, 77.0, 16.82
1724331359, 97, 77.0, 16.82
1724331360, 94, 78.0, 16.82
1724331361, 89, 78.0, 16.81
1724331362, 84, 78.0, 16.81
1724331363, 83, 78.0, 16.81
1724331364, 83, 78.0, 16.81
1724331365, 83, 78.0, 16.81
1724331366, 83, 78.0, 16.81
1724331367, 84, 78.0, 16.12
1724331368, 85, 78.0, 16.12
1724331369, 86, 78.0, 16.12
1724331370, 87, 76.0, 16.29
1724331371, 88, 76.0, 16.29
1724331372, 88, 76.0, 16.29
1724331373, 89, 76.0, 16.29
1724331374, 89, 76.0, 16.29
1724331375, 89, 76.0, 16.27
1724331376, 90, 76.0, 16.42
1724331377, 90, 76.0, 16.42
1724331378, 90, 76.0, 16.42
1724331379, 90, 76.0, 16.57
1724331380, 90, 74.0, 16.57
1724331381, 91, 74.0, 16.57
1724331382, 91, 74.0, 16.7
1724331383, 92, 74.0, 16.7
1724331384, 92, 74.0, 16.7
1724331385, 92, 73.0, 16.72
1724331386, 92, 73.0, 16.72
1724331387, 91, 73.0, 16.72
1724331388, 91, 73.0, 16.88
1724331389, 91, 73.0, 16.88
1724331390, 92, 72.0, 16.88
1724331391, 92, 72.0, 16.88
1724331392, 92, 72.0, 16.88
1724331393, 92, 72.0, 16.9
1724331394, 92, 72.0, 17.51
1724331395, 92, 72.0, 17.51
1724331396, 92, 72.0, 17.51
1724331397, 92, 72.0, 17.51
1724331398, 92, 72.0, 17.38
1724331399, 92, 72.0, 17.38
1724331400, 92, 73.0, 17.38
1724331401, 92, 73.0, 17.45
1724331402, 92, 73.0, 17.45
1724331403, 92, 73.0, 17.45
1724331404, 92, 73.0, 17.66
1724331405, 92, 74.0, 17.66
1724331406, 91, 74.0, 17.66
1724331407, 91, 74.0, 17.66
1724331408, 91, 74.0, 17.66
1724331409, 91, 74.0, 17.5
1724331410, 91, 73.0, 17.5
1724331411, 91, 73.0, 17.5
1724331412, 91, 73.0, 17.6
1724331413, 91, 73.0, 17.6
1724331414, 92, 73.0, 17.6
1724331415, 92, 74.0, 17.78
1724331416, 91, 74.0, 17.78
1724331417, 90, 74.0, 17.78
1724331418, 90, 74.0, 17.78
1724331419, 92, 74.0, 17.78
1724331420, 92, 73.0, 17.78
1724331421, 86, 73.0, 17.65
1724331422, 87, 73.0, 17.65
1724331423, 82, 73.0, 17.65
1724331424, 80, 73.0, 17.67
1724331425, 81, 71.0, 17.67
1724331426, 81, 71.0, 17.67
1724331427, 82, 71.0, 17.67
1724331428, 82, 71.0, 17.67
1724331429, 83, 71.0, 17.67
1724331430, 83, 69.0, 17.67
1724331431, 83, 69.0, 17.56
1724331432, 84, 69.0, 17.56
1724331433, 87, 69.0, 17.61
1724331434, 88, 69.0, 17.61
1724331435, 90, 66.0, 17.61
1724331436, 91, 66.0, 17.69
1724331437, 92, 66.0, 17.69
1724331438, 92, 66.0, 17.69
1724331439, 92, 66.0, 17.69
1724331440, 93, 65.0, 17.69
1724331441, 93, 65.0, 17.69
1724331442, 94, 65.0, 17.6
1724331443, 94, 65.0, 17.6
1724331444, 95, 65.0, 17.6
1724331445, 95, 64.0, 17.6
1724331446, 95, 64.0, 17.6
1724331447, 95, 64.0, 17.6
1724331448, 94, 64.0, 17.6
1724331449, 94, 64.0, 17.58
1724331450, 94, 66.0, 17.58
1724331451, 95, 66.0, 17.58
1724331452, 95, 66.0, 17.58
1724331453, 96, 66.0, 17.58
1724331454, 96, 66.0, 17.58
1724331455, 96, 69.0, 17.58
1724331456, 96, 69.0, 17.58
1724331457, 96, 69.0, 17.44
1724331458, 96, 69.0, 17.44
1724331459, 96, 69.0, 17.44
1724331460, 96, 72.0, 17.23
1724331461, 97, 72.0, 17.23
1724331462, 97, 72.0, 17.23
1724331463, 97, 72.0, 17.23
1724331464, 96, 72.0, 17.23
1724331465, 95, 76.0, 16.93
1724331466, 94, 76.0, 16.93
1724331467, 94, 76.0, 16.93
1724331468, 93, 76.0, 17.07
1724331469, 92, 76.0, 17.07
1724331470, 92, 79.0, 17.07
1724331471, 92, 79.0, 17.11
1724331472, 92, 79.0, 17.11
1724331473, 92, 79.0, 17.11
1724331474, 91, 79.0, 17.11
1724331475, 91, 79.0, 17.08
1724331476, 89, 79.0, 17.08
1724331477, 88, 79.0, 17.08
1724331478, 88, 79.0, 17.08
1724331479, 88, 79.0, 17.1
1724331480, 88, 78.0, 17.1
1724331481, 88, 78.0, 17.38
1724331482, 89, 78.0, 17.38
1724331483, 89, 78.0, 17.74
1724331484, 89, 78.0, 17.74
1724331485, 90, 76.0, 17.74
1724331486, 90, 76.0, 17.74
1724331487, 90, 76.0, 17.77
1724331488, 90, 76.0, 17.77
1724331489, 90, 76.0, 17.77
1724331490, 89, 75.0, 17.92
1724331491, 87, 75.0, 17.92
1724331492, 84, 75.0, 17.92
1724331493, 81, 75.0, 17.92
1724331494, 80, 75.0, 17.73
1724331495, 80, 73.0, 17.73
1724331496, 80, 73.0, 17.73
1724331497, 80, 73.0, 17.73
1724331498, 81, 73.0, 17.73
1724331499, 81, 73.0, 17.56
1724331500, 81, 71.0, 17.56
1724331501, 81, 71.0, 17.56
1724331502, 82, 71.0, 17.56
1724331503, 82, 71.0, 17.53
1724331504, 84, 71.0, 17.53
1724331505, 84, 65.0, 17.53
1724331506, 84, 65.0, 17.43
1724331507, 83, 65.0, 17.43
1724331508, 86, 65.0, 17.43
1724331509, 89, 65.0, 17.43
1724331510, 93, 60.0, 17.27
1724331511, 95, 60.0, 17.27
1724331512, 95, 60.0, 17.27
1724331513, 95, 60.0, 17.27
1724331514, 95, 60.0, 17.47
1724331515, 95, 59.0, 17.67
1724331516, 94, 59.0, 17.67
1724331517, 93, 59.0, 17.67
1724331518, 93, 59.0, 17.76
1724331519, 93, 59.0, 17.76
1724331520, 92, 58.0, 17.76
1724331521, 92, 58.0, 17.76
1724331522, 91, 58.0, 17.72
1724331523, 91, 58.0, 17.72
1724331524, 91, 58.0, 17.72
1724331525, 91, 57.0, 17.87
1724331526, 91, 57.0, 17.87
1724331527, 91, 57.0, 18.1
1724331528, 91, 57.0, 18.1
1724331529, 91, 57.0, 18.35
1724331530, 90, 59.0, 18.35
1724331531, 90, 59.0, 18.35
1724331532, 90, 59.0, 18.35
1724331533, 88, 59.0, 18.35
1724331534, 86, 59.0, 18.35
1724331535, 86, 63.0, 18.25
1724331536, 86, 63.0, 18.25
1724331537, 86, 63.0, 18.3
1724331538, 85, 63.0, 18.3
1724331539, 85, 63.0, 18.3
1724331540, 84, 67.0, 18.29
1724331541, 83, 67.0, 18.29
1724331542, 84, 67.0, 18.29
1724331543, 84, 67.0, 18.29
1724331544, 85, 67.0, 18.36
1724331545, 85, 67.0, 18.52
1724331546, 86, 67.0, 18.52
1724331547, 86, 67.0, 18.52
1724331548, 87, 67.0, 18.52
1724331549, 87, 67.0, 18.52
1724331550, 87, 67.0, 18.52
1724331551, 88, 67.0, 18.52
1724331552, 88, 67.0, 18.52
1724331553, 88, 67.0, 18.52
1724331554, 89, 67.0, 18.52
1724331555, 89, 67.0, 18.52
1724331556, 90, 67.0, 18.52
1724331557, 90, 67.0, 18.52
1724331558, 90, 67.0, 18.52
1724331559, 90, 67.0, 18.52
1724331560, 90, 68.0, 18.38
1724331561, 91, 68.0, 18.38
1724331562, 91, 68.0, 18.38
1724331563, 91, 68.0, 18.44
1724331564, 90, 68.0, 18.44
1724331565, 90, 69.0, 18.44
1724331566, 89, 69.0, 18.46
1724331567, 88, 69.0, 18.46
1724331568, 88, 69.0, 18.46
1724331569, 89, 69.0, 18.45
1724331570, 89, 69.0, 18.45
1724331571, 89, 69.0, 18.45
1724331572, 90, 69.0, 18.45
1724331573, 90, 69.0, 18.45
1724331574, 90, 69.0, 18.45
1724331575, 89, 71.0, 18.45
1724331576, 89, 71.0, 18.36
1724331577, 90, 71.0, 18.36
1724331578, 90, 71.0, 18.36
1724331579, 89, 71.0, 18.35
1724331580, 89, 72.0, 18.35
1724331581, 88, 72.0, 18.47
1724331582, 86, 72.0, 18.47
1724331583, 85, 72.0, 18.47
1724331584, 84, 72.0, 18.57
1724331585, 84, 72.0, 18.57
1724331586, 84, 72.0, 18.57
1724331587, 86, 72.0, 18.65
1724331588, 88, 72.0, 18.65
1724331589, 89, 72.0, 19.24
1724331590, 91, 71.0, 19.24
1724331591, 91, 71.0, 19.24
1724331592, 91, 71.0, 20.24
1724331593, 91, 71.0, 20.24
1724331594, 92, 71.0, 20.47
1724331595, 92, 72.0, 20.47
1724331596, 92, 72.0, 20.47
1724331597, 92, 72.0, 20.64
1724331598, 92, 72.0, 20.64
1724331599, 91, 72.0, 20.64
1724331600, 91, 72.0, 20.54
1724331601, 88, 72.0, 20.54
1724331602, 74, 72.0, 20.54
1724331603, 67, 72.0, 20.65
1724331604, 65, 72.0, 20.65
1724331605, 64, 72.0, 20.97
1724331606, 64, 72.0, 20.97
1724331607, 64, 72.0, 20.97
1724331608, 65, 72.0, 20.97
1724331609, 65, 72.0, 20.97
1724331610, 65, 55.0, 20.79
1724331611, 65, 55.0, 20.79
1724331612, 66, 55.0, 20.79
1724331613, 66, 55.0, 20.79
1724331614, 66, 55.0, 20.79
1724331615, 67, 40.0, 20.66
1724331616, 68, 40.0, 20.66
1724331617, 70, 40.0, 20.66
1724331618, 71, 40.0, 20.61
1724331619, 71, 40.0, 20.61
1724331620, 71, NaN, 20.61
1724331621, 71, NaN, 20.61
1724331622, 72, NaN, 20.57
1724331623, 72, NaN, 20.57
1724331624, 72, NaN, 20.57
1724331625, 72, NaN, 20.44
1724331626, 72, NaN, 20.44
1724331627, 72, NaN, 20.44
1724331628, 72, NaN, 20.44
1724331629, 72, NaN, 20.44
1724331630, 72, NaN, 20.44
1724331631, 72, NaN, 20.44
1724331632, 72, NaN, 20.1
1724331633, 72, NaN, 20.1
1724331634, 72, NaN, 20.1
1724331635, 72, NaN, 20.07
1724331636, 73, NaN, 20.07
1724331637, 73, NaN, 20.07
1724331638, 74, NaN, 20.17
1724331639, 74, NaN, 20.17
1724331640, 75, NaN, 20.17
1724331641, 76, NaN, 20.11
1724331642, 79, NaN, 20.11
1724331643, 83, NaN, 20.11
1724331644, 90, NaN, 20.09
1724331645, 96, NaN, 20.09
1724331646, 98, NaN, 20.09
1724331647, 100, NaN, 20.09
1724331648, 100, NaN, 20.09
1724331649, 100, NaN, 20.09
1724331650, 100, 29.0, 19.96
1724331651, 100, 29.0, 19.96
1724331652, 100, 29.0, 19.96
1724331653, 100, 29.0, 19.95
1724331654, 101, 29.0, 19.95
1724331655, 100, 33.0, 20.03
1724331656, 100, 33.0, 20.03
1724331657, 100, 33.0, 20.03
1724331658, 100, 33.0, 20.03
1724331659, 100, 33.0, 20.03
1724331660, 99, 50.0, 20.03
1724331661, 98, 50.0, 20.03
1724331662, 98, 50.0, 19.85
1724331663, 98, 50.0, 19.74
1724331664, 98, 50.0, 19.74
1724331665, 98, 58.0, 19.74
1724331666, 98, 58.0, 19.74
1724331667, 96, 58.0, 19.53
1724331668, 95, 58.0, 19.53
1724331669, 93, 58.0, 19.53
1724331670, 92, 62.0, 19.53
1724331671, 92, 62.0, 19.53
1724331672, 92, 62.0, 19.53
1724331673, 92, 62.0, 19.53
1724331674, 93, 62.0, 19.24
1724331675, 93, 64.0, 19.24
1724331676, 93, 64.0, 19.24
1724331677, 93, 64.0, 19.12
1724331678, 93, 64.0, 19.12
1724331679, 93, 64.0, 19.24
1724331680, 93, 72.0, 19.24
1724331681, 94, 72.0, 19.24
1724331682, 95, 72.0, 19.24
1724331683, 94, 72.0, 19.24
1724331684, 90, 72.0, 19.24
1724331685, 88, 79.0, 19.24
1724331686, 89, 79.0, 19.24
1724331687, 90, 79.0, 19.08
1724331688, 91, 79.0, 19.08
1724331689, 91, 79.0, 19.08
1724331690, 91, 77.0, 19.08
1724331691, 90, 77.0, 19.15
1724331692, 90, 77.0, 19.15
1724331693, 90, 77.0, 19.15
1724331694, 90, 77.0, 19.15
1724331695, 90, 74.0, 19.15
1724331696, 90, 74.0, 19.15
1724331697, 90, 74.0, 19.15
1724331698, 90, 74.0, 19.15
1724331699, 91, 74.0, 19.07
1724331700, 91, 71.0, 19.05
1724331701, 90, 71.0, 19.05
1724331702, 90, 71.0, 19.05
1724331703, 89, 71.0, 19.05
1724331704, 85, 71.0, 19.02
1724331705, 80, 65.0, 19.02
1724331706, 78, 65.0, 19.02
1724331707, 75, 65.0, 19.08
1724331708, 73, 65.0, 19.08
1724331709, 72, 65.0, 19.08
1724331710, 71, NaN, 19.15
1724331711, 71, NaN, 19.15
1724331712, 72, NaN, 19.15
1724331713, 72, NaN, 19.09
1724331714, 72, NaN, 19.09
1724331715, 71, NaN, 19.09
1724331716, 72, NaN, 19.09
1724331717, 72, NaN, 19.09
1724331718, 72, NaN, 18.87
1724331719, 75, NaN, 18.87
1724331720, 77, NaN, 18.98
1724331721, 78, NaN, 18.98
1724331722, 79, NaN, 18.98
1724331723, 79, NaN, 19.08
1724331724, 80, NaN, 19.08
1724331725, 80, 45.0, 19.08
1724331726, 80, 45.0, 19.08
1724331727, 80, 45.0, 18.99
1724331728, 80, 45.0, 18.99
1724331729, 80, 45.0, 18.99
1724331730, 79, 37.0, 18.99
1724331731, 78, 37.0, 18.9
1724331732, 77, 37.0, 18.9
1724331733, 76, 37.0, 19.17
1724331734, 74, 37.0, 19.17
1724331735, 73, 34.0, 19.31
1724331736, 73, 34.0, 19.31
1724331737, 73, 34.0, 19.31
1724331738, 74, 34.0, 19.31
1724331739, 74, 34.0, 19.31
1724331740, 75, 33.0, 19.37
1724331741, 75, 33.0, 19.37
1724331742, 75, 33.0, 19.37
1724331743, 77, 33.0, 19.2
1724331744, 81, 33.0, 19.2
1724331745, 88, NaN, 19.2
1724331746, 93, NaN, 19.2
1724331747, 94, NaN, 19.2
1724331748, 95, NaN, 19.2
1724331749, 95, NaN, 19.11
1724331750, 96, 40.0, 19.03
1724331751, 97, 40.0, 19.03
1724331752, 98, 40.0, 19.03
1724331753, 100, 40.0, 19.03
1724331754, 101, 40.0, 18.99
1724331755, 101, 40.0, 18.99
1724331756, 101, 40.0, 18.99
1724331757, 100, 40.0, 18.99
1724331758, 100, 40.0, 18.4
1724331759, 99, 40.0, 18.4
1724331760, 98, 40.0, 18.58
1724331761, 97, 40.0, 18.58
1724331762, 96, 40.0, 18.58
1724331763, 95, 40.0, 18.58
1724331764, 93, 40.0, 18.58
1724331765, 92, 42.0, 18.51
1724331766, 92, 42.0, 18.51
1724331767, 91, 42.0, 18.51
1724331768, 90, 42.0, 18.51
1724331769, 90, 42.0, 18.51
1724331770, 90, 47.0, 18.51
1724331771, 91, 47.0, 18.51
1724331772, 92, 47.0, 18.51
1724331773, 93, 47.0, 18.39
1724331774, 92, 47.0, 18.39
1724331775, 89, 50.0, 18.45
1724331776, 87, 50.0, 18.45
1724331777, 88, 50.0, 18.51
1724331778, 87, 50.0, 18.51
1724331779, 86, 50.0, 18.51
1724331780, 83, 49.0, 18.51
1724331781, 83, 49.0, 18.51
1724331782, 82, 49.0, 18.44
1724331783, 82, 49.0, 18.44
1724331784, 82, 49.0, 18.44
1724331785, 82, 52.0, 18.47
1724331786, 82, 52.0, 18.47
1724331787, 82, 52.0, 18.47
1724331788, 83, 52.0, 18.6
1724331789, 85, 52.0, 18.6
1724331790, 86, 57.0, 18.6
1724331791, 87, 57.0, 18.6
1724331792, 86, 57.0, 18.52
1724331793, 85, 57.0, 18.52
1724331794, 83, 57.0, 18.66
1724331795, 82, 56.0, 18.66
1724331796, 80, 56.0, 18.66
1724331797, 80, 56.0, 18.66
1724331798, 82, 56.0, 18.66
1724331799, 84, 56.0, 18.53
1724331800, 86, 53.0, 18.53
1724331801, 88, 53.0, 18.53
1724331802, 89, 53.0, 18.53
1724331803, 90, 53.0, 18.54
1724331804, 91, 53.0, 18.54
1724331805, 91, 48.0, 18.54
1724331806, 91, 48.0, 18.54
1724331807, 89, 48.0, 18.54
1724331808, 87, 48.0, 18.54
1724331809, 86, 48.0, 18.54
1724331810, 85, 42.0, 18.54
1724331811, 82, 42.0, 18.54
1724331812, 80, 42.0, 18.54
1724331813, 78, 42.0, 18.35
1724331814, 77, 42.0, 18.35
1724331815, 77, 39.0, 18.35
1724331816, 77, 39.0, 18.35
1724331817, 76, 39.0, 18.22
1724331818, 76, 39.0, 18.22
1724331819, 76, 39.0, 18.22
1724331820, 76, 33.0, 18.27
1724331821, 76, 33.0, 18.27
1724331822, 75, 33.0, NaN
1724331823, NaN, 33.0, NaN
1724331824, NaN, 33.0, NaN
1724331825, NaN, 33.0, NaN
1724331826, NaN, 33.0, NaN
1724331827, NaN, 33.0, NaN
1724331828, NaN, 33.0, NaN
1724331829, NaN, 33.0, NaN
1724331830, NaN, 33.0, NaN
1724331831, NaN, 33.0, NaN
1724331832, NaN, 33.0, NaN
1724331833, NaN, 33.0, NaN
1724331834, NaN, 33.0, NaN
1724331835, NaN, 32.0, NaN
1724331836, NaN, 32.0, NaN
1724331837, NaN, 32.0, NaN
1724331838, NaN, 32.0, NaN
1724331839, NaN, 32.0, NaN
1724331840, NaN, 32.0, NaN
1724331841, NaN, 32.0, NaN
1724331842, NaN, 32.0, NaN
1724331843, NaN, 32.0, NaN
1724331844, NaN, 32.0, NaN
1724331845, NaN, 30.0, NaN
1724331846, NaN, 30.0, NaN
1724331847, NaN, 30.0, NaN
1724331848, NaN, 30.0, NaN
1724331849, NaN, 30.0, NaN
1724331872, 70, NaN, 17.99
1724331873, 74, NaN, 17.99
1724331874, 72, NaN, 17.99
1724331875, 72, NaN, 17.99
1724331876, 73, NaN, 17.98
1724331877, 73, NaN, 17.98
1724331878, 74, NaN, 17.98
1724331879, 76, NaN, 17.98
1724331880, 80, NaN, 17.94
1724331881, 83, NaN, 17.94
1724331882, 83, NaN, 17.94
1724331883, 83, NaN, 17.91
1724331884, 84, NaN, 17.91
1724331885, 86, 57.0, 17.91
1724331886, 89, 57.0, 18.0
1724331887, 90, 57.0, 18.0
1724331888, 92, 57.0, 18.38
1724331889, 93, 57.0, 18.38
1724331890, 93, 64.0, 18.38
1724331891, 93, 64.0, 18.65
1724331892, 92, 64.0, 18.65
1724331893, 91, 64.0, 18.65
1724331894, 91, 64.0, 18.65
1724331895, 90, 69.0, 18.65
1724331896, 91, 69.0, 18.59
1724331897, 91, 69.0, 19.23
1724331898, 91, 69.0, 19.23
1724331899, 91, 69.0, 19.23
1724331900, 91, 69.0, 19.19
1724331901, 91, 69.0, 19.19
1724331902, 91, 69.0, 19.19
1724331903, 91, 69.0, 19.42
1724331904, 91, 69.0, 19.42
1724331905, 91, 70.0, 19.42
1724331906, 91, 70.0, 19.42
1724331907, 91, 70.0, 19.72
1724331908, 91, 70.0, 20.27
1724331909, 92, 70.0, 20.27
1724331910, 92, 71.0, 20.27
1724331911, 92, 71.0, 20.63
1724331912, 92, 71.0, 20.63
1724331913, 92, 71.0, 21.63
1724331914, 92, 71.0, 21.63
1724331915, 92, 74.0, 21.63
1724331916, 92, 74.0, 21.4
1724331917, 92, 74.0, 21.4
1724331918, 91, 74.0, 21.4
1724331919, 91, 74.0, 21.4
1724331920, 91, 75.0, 21.26
1724331921, 91, 75.0, 21.26
1724331922, 91, 75.0, 21.26
1724331923, 90, 75.0, 21.26
1724331924, 90, 75.0, 21.08
1724331925, 90, 74.0, 21.08
1724331926, 90, 74.0, 21.08
1724331927, 90, 74.0, 21.08
1724331928, 90, 74.0, 21.08
1724331929, 90, 74.0, 21.08
1724331930, 89, 74.0, 20.93
1724331931, 89, 74.0, 20.93
1724331932, 89, 74.0, 20.93
1724331933, 90, 74.0, 20.94
1724331934, 90, 74.0, 20.94
1724331935, 92, 73.0, 20.94
1724331936, 94, 73.0, 20.94
1724331937, 94, 73.0, 20.86
1724331938, 94, 73.0, 20.92
1724331939, 93, 73.0, 20.92
1724331940, 92, 73.0, 20.92
1724331941, 90, 73.0, 20.92
1724331942, 89, 73.0, 20.9
1724331943, 89, 73.0, 20.9
1724331944, 88, 73.0, 20.9
1724331945, 88, 72.0, 20.9
1724331946, 88, 72.0, 20.9
1724331947, 87, 72.0, 20.78
1724331948, 87, 72.0, 20.78
1724331949, 87, 72.0, 20.78
1724331950, 87, 72.0, 20.72
1724331951, 87, 72.0, 20.72
1724331952, 88, 72.0, 20.72
1724331953, 88, 72.0, 20.72
1724331954, 88, 72.0, 20.75
1724331955, 88, 71.0, 20.75
1724331956, 89, 71.0, 20.75
1724331957, 89, 71.0, 20.75
1724331958, 89, 71.0, 20.75
1724331959, 90, 71.0, 20.75
1724331960, 90, 71.0, 20.54
1724331961, 89, 71.0, 20.54
1724331962, 89, 71.0, 20.54
1724331963, 89, 71.0, 20.54
1724331964, 88, 71.0, 20.57
1724331965, 88, 70.0, 20.57
1724331966, 88, 70.0, 20.57
1724331967, 89, 70.0, 20.57
1724331968, 89, 70.0, 20.57
1724331969, 88, 70.0, 20.57
1724331970, 88, 70.0, 20.57
1724331971, 88, 70.0, 20.57
1724331972, 88, 70.0, 20.44
1724331973, 88, 70.0, 20.44
1724331974, 88, 70.0, 20.44
1724331975, 88, 69.0, 20.46
1724331976, 90, 69.0, 20.46
1724331977, 90, 69.0, 20.49
1724331978, 90, 69.0, 20.49
1724331979, 90, 69.0, 20.52
1724331980, 90, 70.0, 20.52
1724331981, 90, 70.0, 20.52
1724331982, 90, 70.0, 20.56
1724331983, 91, 70.0, 20.56
1724331984, 91, 70.0, 21.63
1724331985, 92, 71.0, 21.63
1724331986, 92, 71.0, 21.63
1724331987, 92, 71.0, 21.63
1724331988, 91, 71.0, 21.63
1724331989, 90, 71.0, 21.63
1724331990, 89, 71.0, 21.46
1724331991, 89, 71.0, 21.46
1724331992, 90, 71.0, 21.46
1724331993, 89, 71.0, 21.46
1724331994, 89, 71.0, 21.46
1724331995, 87, 71.0, 21.33
1724331996, 86, 71.0, 21.33
1724331997, 84, 71.0, 21.33
1724331998, 83, 71.0, 21.33
1724331999, 82, 71.0, 21.28
1724332000, 81, 66.0, 21.28
1724332001, 81, 66.0, 21.28
1724332002, 79, 66.0, 21.31
1724332003, 79, 66.0, 21.31
1724332004, 79, 66.0, 21.31
1724332005, 80, 61.0, 21.22
1724332006, 81, 61.0, 21.22
1724332007, 82, 61.0, 21.22
1724332008, 82, 61.0, 21.24
1724332009, 82, 61.0, 21.24
1724332010, 83, 56.0, 21.24
1724332011, 85, 56.0, 21.14
1724332012, 86, 56.0, 21.14
1724332013, 85, 56.0, 21.14
1724332014, 85, 56.0, 21.14
1724332015, 84, 54.0, 21.14
1724332016, 84, 54.0, 20.92
1724332017, 83, 54.0, 20.92
1724332018, 84, 54.0, 20.92
1724332019, 84, 54.0, 20.9
1724332020, 84, 53.0, 20.9
1724332021, 85, 53.0, 20.9
1724332022, 84, 53.0, 20.97
1724332023, 83, 53.0, 20.97
1724332024, 83, 53.0, 21.03
1724332025, 82, 51.0, 21.03
1724332026, 81, 51.0, 21.03
1724332027, 81, 51.0, 21.12
1724332028, 81, 51.0, 21.12
1724332029, 81, 51.0, 21.12
1724332030, 81, 53.0, 21.12
1724332031, 82, 53.0, 20.96
1724332032, 83, 53.0, 20.96
1724332033, 83, 53.0, 21.04
1724332034, 82, 53.0, 21.04
1724332035, 80, 54.0, 21.04
1724332036, 79, 54.0, 21.02
1724332037, 77, 54.0, NaN
1724332038, NaN, 54.0, NaN
1724332039, NaN, 54.0, NaN
1724332040, NaN, 57.0, NaN
1724332041, NaN, 57.0, NaN
1724332042, NaN, 57.0, NaN
1724332043, NaN, 57.0, NaN
1724332044, NaN, 57.0, NaN
1724332045, NaN, 55.0, NaN
1724332046, NaN, 55.0, NaN
1724332047, NaN, 55.0, NaN
1724332048, NaN, 55.0, NaN
1724332049, NaN, 55.0, NaN
1724332050, NaN, 52.0, NaN
1724332051, NaN, 52.0, NaN
1724332052, NaN, 52.0, NaN
1724332053, NaN, 52.0, NaN
1724332054, NaN, 52.0, NaN
1724332055, NaN, 50.0, NaN
1724332056, NaN, 50.0, NaN
1724332057, NaN, 50.0, NaN
1724332058, NaN, 50.0, NaN
1724332059, NaN, 50.0, NaN
1724332060, NaN, 44.0, NaN
1724332061, NaN, 44.0, NaN
1724332062, NaN, 44.0, NaN
1724332063, NaN, 44.0, NaN
1724332064, 72, 44.0, 21.02
1724332065, 72, 39.0, 20.87
