Timestamp, HR(bpm), Stress(ms), Resp(brpm)
1724255749, 80, 36.0, 13.39
1724255750, 80, 36.0, 13.39
1724255751, 80, 36.0, 13.39
1724255752, 80, 36.0, 13.56
1724255753, 80, 36.0, 13.56
1724255754, 80, 36.0, 13.56
1724255755, 80, 36.0, 13.56
1724255756, 81, 35.0, 13.56
1724255757, 81, 35.0, 13.56
1724255758, 82, 35.0, 13.56
1724255759, 84, 35.0, 13.45
1724255760, 85, 35.0, 13.45
1724255761, 87, 34.0, 13.45
1724255762, 87, 34.0, 13.64
1724255763, 87, 34.0, 13.64
1724255764, 86, 34.0, 13.64
1724255765, 86, 34.0, 13.64
1724255766, 86, 33.0, 13.64
1724255767, 86, 33.0, 13.64
1724255768, 85, 33.0, 13.64
1724255769, 85, 33.0, 13.64
1724255770, 85, 33.0, 13.83
1724255771, 85, 39.0, 13.83
1724255772, 85, 39.0, 13.83
1724255773, 85, 39.0, 13.83
1724255774, 86, 39.0, 13.83
1724255775, 87, 39.0, 13.83
1724255776, 88, 37.0, 13.83
1724255777, 89, 37.0, 13.83
1724255778, 89, 37.0, 13.83
1724255779, 89, 37.0, 13.62
1724255780, 89, 37.0, 13.62
1724255781, 89, 36.0, 13.73
1724255782, 88, 36.0, 13.73
1724255783, 88, 36.0, 13.97
1724255784, 88, 36.0, 13.97
1724255785, 87, 36.0, 13.97
1724255786, 86, 37.0, 13.97
1724255787, 84, 37.0, 14.0
1724255788, 84, 37.0, 14.0
1724255789, 84, 37.0, 14.0
1724255790, 84, 37.0, 14.0
1724255791, 84, 42.0, 14.0
1724255792, 84, 42.0, 14.0
1724255793, 84, 42.0, 14.0
1724255794, 84, 42.0, 14.0
1724255795, 84, 42.0, 13.91
1724255796, 84, 48.0, 13.91
1724255797, 84, 48.0, 13.91
1724255798, 83, 48.0, 13.91
1724255799, 82, 48.0, 13.97
1724255800, 82, 48.0, 13.97
1724255801, 82, 45.0, 14.14
1724255802, 82, 45.0, 14.14
1724255803, 82, 45.0, 14.14
1724255804, 82, 45.0, 14.14
1724255805, 82, 45.0, 14.14
1724255806, 82, 48.0, 14.14
1724255807, 83, 48.0, 14.01
1724255808, 83, 48.0, 14.01
1724255809, 83, 48.0, 14.01
1724255810, 83, 48.0, 14.01
1724255811, 83, 52.0, 14.01
1724255812, 83, 52.0, 13.98
1724255813, 83, 52.0, 13.98
1724255814, 84, 52.0, 13.98
1724255815, 83, 52.0, 13.98
1724255816, 85, 57.0, 13.98
1724255817, 86, 57.0, 13.98
1724255818, 86, 57.0, 13.83
1724255819, 85, 57.0, 13.83
1724255820, 85, 57.0, 13.83
1724255821, 85, 51.0, 13.83
1724255822, 86, 51.0, 14.03
1724255823, 90, 51.0, 14.03
1724255824, 90, 51.0, 14.03
1724255825, 90, 51.0, 14.03
1724255826, 90, 49.0, 14.03
1724255827, 90, 49.0, 13.92
1724255828, 90, 49.0, 13.92
1724255829, 89, 49.0, 13.92
1724255830, 89, 49.0, 14.11
1724255831, 88, 52.0, 14.11
1724255832, 87, 52.0, 14.11
1724255833, 87, 52.0, 14.11
1724255834, 87, 52.0, 14.11
1724255835, 87, 52.0, 14.11
1724255836, 87, 55.0, 14.11
1724255837, 86, 55.0, 14.11
1724255838, 86, 55.0, 13.96
1724255839, 85, 55.0, 13.96
1724255840, 85, 55.0, 13.96
1724255841, 85, 57.0, 13.96
1724255842, 84, 57.0, 13.96
1724255843, 83, 57.0, 13.96
1724255844, 83, 57.0, 13.96
1724255845, 82, 57.0, 13.96
1724255846, 82, 57.0, 13.96
1724255847, 82, 57.0, 13.96
1724255848, 82, 57.0, 13.76
1724255849, 81, 57.0, 13.76
1724255850, 81, 57.0, 13.76
1724255851, 81, 59.0, 13.76
1724255852, 80, 59.0, 13.76
1724255853, 79, 59.0, 13.76
1724255854, 80, 59.0, 13.76
1724255855, 79, 59.0, 13.62
1724255856, 80, 58.0, 13.67
1724255857, 81, 58.0, 13.67
1724255858, 81, 58.0, 13.67
1724255859, 81, 58.0, 13.91
1724255860, 82, 58.0, 13.91
1724255861, 82, 54.0, 13.91
1724255862, 81, 54.0, 13.91
1724255863, 80, 54.0, 13.91
1724255864, 79, 54.0, 13.91
1724255865, 76, 54.0, 13.91
1724255866, 75, 49.0, 13.91
1724255867, 75, 49.0, 13.91
1724255868, 75, 49.0, 13.91
1724255869, 75, 49.0, 13.91
1724255870, 76, 49.0, 13.91
1724255871, 76, 44.0, 13.91
1724255872, 76, 44.0, 13.91
1724255873, 76, 44.0, 13.69
1724255874, 75, 44.0, 13.69
1724255875, 75, 44.0, 13.77
1724255876, 75, NaN, 13.77
1724255877, 74, NaN, 13.77
1724255878, 77, NaN, 13.77
1724255879, 80, NaN, 13.77
1724255880, 80, NaN, 13.77
1724255881, 80, NaN, 13.77
1724255882, 81, NaN, 13.77
1724255883, 82, NaN, 13.77
1724255884, 82, NaN, 13.77
1724255885, 82, NaN, 13.61
1724255886, 83, 39.0, 13.61
1724255887, 83, 39.0, 13.61
1724255888, 84, 39.0, 13.61
1724255889, 84, 39.0, 13.61
1724255890, 85, 39.0, 13.61
1724255891, 86, 43.0, 13.61
1724255892, 87, 43.0, 13.61
1724255893, 87, 43.0, 13.61
1724255894, 89, 43.0, 13.44
1724255895, 90, 43.0, 13.44
1724255896, 92, 50.0, 13.44
1724255897, 92, 50.0, 13.44
1724255898, 92, 50.0, 13.44
1724255899, 92, 50.0, 13.44
1724255900, 93, 50.0, 13.44
1724255901, 93, 59.0, 13.44
1724255902, 92, 59.0, 13.09
1724255903, 92, 59.0, 13.09
1724255904, 92, 59.0, 13.09
1724255905, 92, 59.0, 13.09
1724255906, 91, 63.0, 13.09
1724255907, 91, 63.0, 13.09
1724255908, 91, 63.0, 13.09
1724255909, 90, 63.0, 13.09
1724255910, 90, 63.0, 13.09
1724255911, 89, 64.0, 12.73
1724255912, 89, 64.0, 12.73
1724255913, 88, 64.0, 12.89
1724255914, 87, 64.0, 12.89
1724255915, 86, 64.0, 12.89
1724255916, 86, 69.0, 12.89
1724255917, 86, 69.0, 13.09
1724255918, 85, 69.0, 13.24
1724255919, 84, 69.0, 13.24
1724255920, 84, 69.0, 13.24
1724255921, 84, 71.0, 13.24
1724255922, 84, 71.0, 13.34
1724255923, 84, 71.0, 13.34
1724255924, 84, 71.0, 13.34
1724255925, 84, 71.0, 13.75
1724255926, 84, 70.0, 13.75
1724255927, 82, 70.0, 13.75
1724255928, 82, 70.0, 13.75
1724255929, 81, 70.0, 13.75
1724255930, 81, 70.0, 13.75
1724255931, 80, 69.0, 13.75
1724255932, 80, 69.0, 13.75
1724255933, 80, 69.0, 13.75
1724255934, 79, 69.0, 13.62
1724255935, 80, 69.0, 13.62
1724255936, 80, 62.0, 13.62
1724255937, 80, 62.0, 13.52
1724255938, 80, 62.0, 13.52
1724255939, 80, 62.0, 13.52
1724255940, 80, 62.0, 13.52
1724255941, 80, 56.0, 13.76
1724255942, 80, 56.0, 13.76
1724255943, 79, 56.0, 13.76
1724255944, 79, 56.0, 13.78
1724255945, 78, 56.0, 13.78
1724255946, 76, 50.0, 13.78
1724255947, 75, 50.0, 13.78
1724255948, 75, 50.0, 13.8
1724255949, 74, 50.0, 13.8
1724255950, 75, 50.0, 14.01
1724255951, 75, 45.0, 14.01
1724255952, 76, 45.0, 14.01
1724255953, 76, 45.0, 14.01
1724255954, 78, 45.0, 14.05
1724255955, 79, 45.0, 14.05
1724255956, 81, NaN, 14.05
1724255957, 82, NaN, 14.31
1724255958, 83, NaN, 14.31
1724255959, 83, NaN, 14.65
1724255960, 84, NaN, 14.65
1724255961, 85, 38.0, 14.65
1724255962, 87, 38.0, 14.65
1724255963, 85, 38.0, 14.64
1724255964, 85, 38.0, 14.64
1724255965, 85, 38.0, 14.64
1724255966, 84, 43.0, 14.98
1724255967, 83, 43.0, 14.98
1724255968, 84, 43.0, 15.48
1724255969, 84, 43.0, 15.48
1724255970, 84, 43.0, 15.48
1724255971, 84, 45.0, 15.48
1724255972, 85, 45.0, 15.48
1724255973, 86, 45.0, 15.45
1724255974, 87, 45.0, 15.45
1724255975, 87, 45.0, 15.69
1724255976, 88, 48.0, 15.69
1724255977, 88, 48.0, 15.69
1724255978, 88, 48.0, 15.69
1724255979, 89, 48.0, 15.73
1724255980, 89, 48.0, 15.73
1724255981, 89, 51.0, 15.78
1724255982, 90, 51.0, 15.78
1724255983, 91, 51.0, 15.78
1724255984, 92, 51.0, 15.78
1724255985, 92, 51.0, 15.91
1724255986, 93, 54.0, 15.91
1724255987, 93, 54.0, 15.91
1724255988, 92, 54.0, 16.36
1724255989, 92, 54.0, 16.36
1724255990, 92, 54.0, 16.36
1724255991, 92, 58.0, 16.36
1724255992, 92, 58.0, 16.36
1724255993, 92, 58.0, 16.36
1724255994, 92, 58.0, 16.36
1724255995, 91, 58.0, 16.36
1724255996, 91, 58.0, 16.18
1724255997, 90, 58.0, 16.18
1724255998, 90, 58.0, 16.18
1724255999, 89, 58.0, 16.18
1724256000, 89, 58.0, 16.15
1724256001, 88, 62.0, 16.15
1724256002, 88, 62.0, 16.15
1724256003, 87, 62.0, 16.15
1724256004, 86, 62.0, 16.09
1724256005, 85, 62.0, 16.09
1724256006, 85, 63.0, 16.09
1724256007, 84, 63.0, 16.09
1724256008, 83, 63.0, 16.09
1724256009, 83, 63.0, 16.09
1724256010, 82, 63.0, 16.09
1724256011, 81, 62.0, 16.09
1724256012, 80, 62.0, 16.09
1724256013, 79, 62.0, 16.09
1724256014, 79, 62.0, 16.09
1724256015, 79, 62.0, 16.09
1724256016, 79, 57.0, 15.62
1724256017, 79, 57.0, 15.62
1724256018, 80, 57.0, 15.77
1724256019, 80, 57.0, 15.77
1724256020, 81, 57.0, 15.77
1724256021, 82, 52.0, 15.86
1724256022, 82, 52.0, 15.92
1724256023, 82, 52.0, 15.92
1724256024, 82, 52.0, 15.92
1724256025, 82, 52.0, 16.01
1724256026, 81, 48.0, 16.01
1724256027, 81, 48.0, 16.01
1724256028, 82, 48.0, 16.01
1724256029, 82, 48.0, 16.06
1724256030, 83, 48.0, 16.06
1724256031, 83, 46.0, 16.06
1724256032, 83, 46.0, 16.07
1724256033, 83, 46.0, 16.07
1724256034, 84, 46.0, 16.07
1724256035, 84, 46.0, 16.46
1724256036, 84, 48.0, 16.46
1724256037, 84, 48.0, 16.46
1724256038, 84, 48.0, 16.46
1724256039, 84, 48.0, 16.46
1724256040, 84, 48.0, 16.3
1724256041, 84, 49.0, 16.3
1724256042, 84, 49.0, 16.3
1724256043, 84, 49.0, 16.3
1724256044, 84, 49.0, 16.47
1724256045, 84, 49.0, 16.47
1724256046, 84, 54.0, 16.65
1724256047, 84, 54.0, 16.65
1724256048, 86, 54.0, 16.65
1724256049, 86, 54.0, 16.89
1724256050, 86, 54.0, 16.89
1724256051, 84, 59.0, 16.89
1724256052, 84, 59.0, 16.85
1724256053, 80, 59.0, 16.85
1724256054, 78, 59.0, 16.85
1724256055, 79, 59.0, 17.03
1724256056, 80, 63.0, 17.03
1724256057, 81, 63.0, 17.03
1724256058, 82, 63.0, 17.03
1724256059, 82, 63.0, 17.03
1724256060, 82, 63.0, 17.03
1724256061, 82, 65.0, 17.03
1724256062, 83, 65.0, 17.03
1724256063, 83, 65.0, 16.88
1724256064, 84, 65.0, 16.88
1724256065, 84, 65.0, 16.88
1724256066, 84, 61.0, 16.88
1724256067, 84, 61.0, 16.88
1724256068, 85, 61.0, 16.88
1724256069, 85, 61.0, 16.88
1724256070, 85, 61.0, 16.88
1724256071, 85, 63.0, 16.72
1724256072, 84, 63.0, 16.72
1724256073, 82, 63.0, 16.72
1724256074, 81, 63.0, 16.72
1724256075, 80, 63.0, 16.72
1724256076, 79, 60.0, 16.59
1724256077, 79, 60.0, 16.59
1724256078, 80, 60.0, 16.71
1724256079, 81, 60.0, 16.71
1724256080, 82, 60.0, 16.71
1724256081, 83, 54.0, 16.71
1724256082, 83, 54.0, 16.71
1724256083, 85, 54.0, 16.66
1724256084, 86, 54.0, 16.66
1724256085, 85, 54.0, 16.66
1724256086, 84, 48.0, 16.64
1724256087, 82, 48.0, 16.64
1724256088, 78, 48.0, 16.64
1724256089, 72, 48.0, 16.79
1724256090, 67, 48.0, 16.79
1724256091, 65, 42.0, 16.79
1724256092, 64, 42.0, 16.97
1724256093, 64, 42.0, 16.97
1724256094, 64, 42.0, 16.97
1724256095, 66, 42.0, 17.12
1724256096, 68, 37.0, 17.12
1724256097, 72, 37.0, 17.12
1724256098, 75, 37.0, 17.12
1724256099, 77, 37.0, 17.12
1724256100, 79, 37.0, 17.12
1724256101, 81, 26.0, 17.12
1724256102, 82, 26.0, 16.93
1724256103, 82, 26.0, 16.93
1724256104, 84, 26.0, 16.93
1724256105, 86, 26.0, 16.93
1724256106, 86, 24.0, 16.93
1724256107, 86, 24.0, 16.93
1724256108, 86, 24.0, 16.98
1724256109, 86, 24.0, 16.98
1724256110, 85, 24.0, 16.98
1724256111, 85, 24.0, 16.98
1724256112, 86, 24.0, 16.98
1724256113, 85, 24.0, 16.98
1724256114, 85, 24.0, 16.98
1724256115, 85, 24.0, 16.98
1724256116, 84, 24.0, 16.98
1724256117, 83, 24.0, 16.98
1724256118, 82, 24.0, 16.98
1724256119, 82, 24.0, 16.81
1724256120, 81, 24.0, 16.81
1724256121, 81, 28.0, 16.81
1724256122, 80, 28.0, 16.81
1724256123, 79, 28.0, 16.81
1724256124, 78, 28.0, 16.65
1724256125, 78, 28.0, 16.65
1724256126, 79, 37.0, 16.65
1724256127, 80, 37.0, 16.65
1724256128, 80, 37.0, 16.65
1724256129, 80, 37.0, 16.65
1724256130, 80, 37.0, 16.65
1724256131, 80, 48.0, 16.65
1724256132, 79, 48.0, 16.33
1724256133, 78, 48.0, 16.33
1724256134, 78, 48.0, 16.33
1724256135, 77, 48.0, 16.33
1724256136, 77, 49.0, 16.26
1724256137, 75, 49.0, 16.26
1724256138, 75, 49.0, 16.26
1724256139, 74, 49.0, 16.26
1724256140, 74, 49.0, 16.26
1724256141, 74, 49.0, 16.26
1724256142, 74, 49.0, 16.26
1724256143, 76, 49.0, 16.26
1724256144, 77, 49.0, 16.26
1724256145, 79, 49.0, 15.46
1724256146, 80, 51.0, 15.46
1724256147, 82, 51.0, 15.46
1724256148, 83, 51.0, 15.46
1724256149, 84, 51.0, 15.46
1724256150, 85, 51.0, 15.46
1724256151, 85, 47.0, 15.6
1724256152, 85, 47.0, 15.6
1724256153, 85, 47.0, 15.77
1724256154, 85, 47.0, 15.77
1724256155, 85, 47.0, 15.77
1724256156, 85, 47.0, 15.77
1724256157, 85, 47.0, 15.77
1724256158, 86, 47.0, 15.71
1724256159, 85, 47.0, 15.71
1724256160, 85, 47.0, 15.71
1724256161, 85, 42.0, 15.71
1724256162, 85, 42.0, 15.71
1724256163, 86, 42.0, 15.71
1724256164, 85, 42.0, 15.71
1724256165, 85, 42.0, 15.71
1724256166, 85, 43.0, 15.62
1724256167, 85, 43.0, 15.64
1724256168, 85, 43.0, 15.64
1724256169, 85, 43.0, 15.64
1724256170, 85, 43.0, 15.64
1724256171, 84, 46.0, 15.64
1724256172, 84, 46.0, 15.64
1724256173, 83, 46.0, 15.64
1724256174, 82, 46.0, 15.64
1724256175, 82, 46.0, 15.64
1724256176, 82, 48.0, 15.48
1724256177, 82, 48.0, 15.48
1724256178, 82, 48.0, 15.48
1724256179, 82, 48.0, 15.48
1724256180, 83, 48.0, 15.48
1724256181, 83, 51.0, 15.48
1724256182, 83, 51.0, 15.48
1724256183, 83, 51.0, 15.48
1724256184, 84, 51.0, 15.48
1724256185, 85, 51.0, 14.95
1724256186, 85, 51.0, 14.95
1724256187, 86, 51.0, 14.95
1724256188, 88, 51.0, 14.95
1724256189, 90, 51.0, 14.95
1724256190, 91, 51.0, 14.95
1724256191, 90, 56.0, 14.95
1724256192, 89, 56.0, 14.95
1724256193, 90, 56.0, 14.95
1724256194, 90, 56.0, 14.5
1724256195, 90, 56.0, 14.5
1724256196, 90, 60.0, 14.5
1724256197, 90, 60.0, 14.5
1724256198, 90, 60.0, 14.5
1724256199, 91, 60.0, 14.5
1724256200, 91, 60.0, 14.5
1724256201, 91, 64.0, 14.15
1724256202, 91, 64.0, 14.15
1724256203, 90, 64.0, 14.15
1724256204, 90, 64.0, 14.31
1724256205, 90, 64.0, 14.31
1724256206, 89, 68.0, 14.43
1724256207, 89, 68.0, 14.43
1724256208, 87, 68.0, 14.43
1724256209, 87, 68.0, 14.53
1724256210, 87, 68.0, 14.53
1724256211, 86, 70.0, 14.69
1724256212, 86, 70.0, 14.69
1724256213, 86, 70.0, 14.69
1724256214, 86, 70.0, 14.69
1724256215, 86, 70.0, 14.69
1724256216, 86, 70.0, 15.09
1724256217, 86, 70.0, 15.09
1724256218, 87, 70.0, 15.09
1724256219, 87, 70.0, 15.07
1724256220, 86, 70.0, 15.07
1724256221, 84, 70.0, 15.07
1724256222, 83, 70.0, 15.12
1724256223, 77, 70.0, 15.12
1724256224, 76, 70.0, 15.12
1724256225, 77, 70.0, 15.12
1724256226, 76, 67.0, 15.14
1724256227, 75, 67.0, 15.14
1724256228, 79, 67.0, 15.14
1724256229, 77, 67.0, 15.14
1724256230, 76, 67.0, 14.86
1724256231, 77, 61.0, 14.86
1724256232, 78, 61.0, 15.11
1724256233, 79, 61.0, 15.11
1724256234, 80, 61.0, 15.11
1724256235, 80, 61.0, 15.11
1724256236, 81, 57.0, 15.11
1724256237, 82, 57.0, 15.11
1724256238, 83, 57.0, 15.11
1724256239, 82, 57.0, 15.11
1724256240, 81, 57.0, 15.11
1724256241, 80, 51.0, 15.01
1724256242, 80, 51.0, 15.01
1724256243, 80, 51.0, 15.01
1724256244, 81, 51.0, 15.01
1724256245, 82, 51.0, 15.0
1724256246, 83, 47.0, 15.0
1724256247, 84, 47.0, 15.0
1724256248, 85, 47.0, 15.0
1724256249, 84, 47.0, 15.0
1724256250, 84, 47.0, 15.0
1724256251, 83, 44.0, 15.0
1724256252, 82, 44.0, 15.0
1724256253, 83, 44.0, 15.02
1724256254, 84, 44.0, 15.02
1724256255, 89, 44.0, 15.02
1724256256, 101, 46.0, 15.02
1724256257, 106, 46.0, 15.02
1724256258, 110, 46.0, 15.02
1724256259, 112, 46.0, 15.02
1724256260, 113, 46.0, 15.02
1724256261, 113, 51.0, 15.02
1724256262, 113, 51.0, 14.32
1724256263, 111, 51.0, 14.32
1724256264, 106, 51.0, 14.32
1724256265, 100, 51.0, 14.66
1724256266, 94, 58.0, 14.66
1724256267, 92, 58.0, 14.89
1724256268, 89, 58.0, 14.89
1724256269, 88, 58.0, 14.89
1724256270, 88, 58.0, 15.03
1724256271, 87, 66.0, 15.03
1724256272, 87, 66.0, 15.03
1724256273, 87, 66.0, 15.12
1724256274, 87, 66.0, 15.12
1724256275, 88, 66.0, 15.12
1724256276, 88, 70.0, 15.79
1724256277, 89, 70.0, 15.79
1724256278, 91, 70.0, 15.79
1724256279, 93, 70.0, 15.79
1724256280, 94, 70.0, 15.84
1724256281, 94, 70.0, 15.84
1724256282, 94, 70.0, 15.84
1724256283, 94, 70.0, 15.84
1724256284, 93, 70.0, 16.45
1724256285, 92, 70.0, 16.89
1724256286, 92, 69.0, 16.89
1724256287, 92, 69.0, 16.89
1724256288, 92, 69.0, 16.89
1724256289, 91, 69.0, 16.89
1724256290, 91, 69.0, 16.77
1724256291, 91, 66.0, 16.77
1724256292, 90, 66.0, 16.77
1724256293, 90, 66.0, 16.9
1724256294, 91, 66.0, 16.9
1724256295, 93, 66.0, 16.9
1724256296, 94, 64.0, 16.9
1724256297, 94, 64.0, 16.9
1724256298, 93, 64.0, 16.9
1724256299, 94, 64.0, 16.84
1724256300, 93, 64.0, 16.91
1724256301, 93, 60.0, 16.91
1724256302, 93, 60.0, 16.91
1724256303, 93, 60.0, 16.95
1724256304, 92, 60.0, 16.95
1724256305, 94, 60.0, 16.95
1724256306, 95, 58.0, 17.12
1724256307, 94, 58.0, 17.12
1724256308, 94, 58.0, 17.12
1724256309, 93, 58.0, 17.31
1724256310, 91, 58.0, 17.31
1724256311, 90, 60.0, 17.31
1724256312, 89, 60.0, 17.71
1724256313, 88, 60.0, 17.71
1724256314, 88, 60.0, 17.71
1724256315, 88, 60.0, 17.71
1724256316, 88, 57.0, 17.61
1724256317, 87, 57.0, 17.61
1724256318, 87, 57.0, 17.85
1724256319, 87, 57.0, 17.85
1724256320, 86, 57.0, 17.85
1724256321, 86, 55.0, 17.85
1724256322, 87, 55.0, 17.85
1724256323, 88, 55.0, 17.73
1724256324, 89, 55.0, 17.73
1724256325, 90, 55.0, 17.73
1724256326, 91, 48.0, 17.84
1724256327, 92, 48.0, 17.84
1724256328, 93, 48.0, 17.84
1724256329, 95, 48.0, 17.85
1724256330, 95, 48.0, 17.85
1724256331, 91, 44.0, 17.85
1724256332, 89, 44.0, 17.85
1724256333, 89, 44.0, 17.97
1724256334, 89, 44.0, 17.97
1724256335, 89, 44.0, 17.97
1724256336, 89, 40.0, 17.97
1724256337, 89, 40.0, 17.97
1724256338, 89, 40.0, 17.97
1724256339, 89, 40.0, 17.97
1724256340, 89, 40.0, 17.97
1724256341, 89, 36.0, 17.77
1724256342, 89, 36.0, 17.77
1724256343, 88, 36.0, 17.77
1724256344, 88, 36.0, 17.77
1724256345, 88, 36.0, 17.77
1724256346, 88, 36.0, 17.77
1724256347, 87, 36.0, 17.77
1724256348, 87, 36.0, 17.77
1724256349, 87, 36.0, 17.77
1724256350, 86, 36.0, 17.63
1724256351, 86, 41.0, 17.63
1724256352, 85, 41.0, 17.65
1724256353, 85, 41.0, 17.65
1724256354, 85, 41.0, 17.65
1724256355, 85, 41.0, 17.65
1724256356, 85, 46.0, 17.65
1724256357, 85, 46.0, 17.65
1724256358, 86, 46.0, 17.65
1724256359, 86, 46.0, 17.65
1724256360, 86, 46.0, 17.52
1724256361, 87, 52.0, 17.52
1724256362, 87, 52.0, 17.52
1724256363, 86, 52.0, 17.52
1724256364, 87, 52.0, 17.5
1724256365, 87, 52.0, 17.5
1724256366, 87, 57.0, 17.55
1724256367, 87, 57.0, 17.55
1724256368, 87, 57.0, 17.55
1724256369, 87, 57.0, 17.55
1724256370, 87, 57.0, 17.55
1724256371, 87, 64.0, 17.44
1724256372, 87, 64.0, 17.44
1724256373, 87, 64.0, 17.56
1724256374, 87, 64.0, 17.56
1724256375, 89, 64.0, 17.56
1724256376, 91, 68.0, 17.56
1724256377, 93, 68.0, 17.56
1724256378, 91, 68.0, 17.56
1724256379, 90, 68.0, 17.56
1724256380, 90, 68.0, 17.56
1724256381, 89, 69.0, 17.56
1724256382, 89, 69.0, 17.56
1724256383, 89, 69.0, 17.41
1724256384, 89, 69.0, 17.41
1724256385, 88, 69.0, 17.41
1724256386, 88, 70.0, 17.41
1724256387, 88, 70.0, 17.41
1724256388, 89, 70.0, 17.41
1724256389, 89, 70.0, 17.41
1724256390, 89, 70.0, 17.41
1724256391, 90, 71.0, 17.3
1724256392, 89, 71.0, 17.3
1724256393, 89, 71.0, 17.3
1724256394, 90, 71.0, 17.24
1724256395, 91, 71.0, 17.24
1724256396, 92, 72.0, 17.24
1724256397, 92, 72.0, 17.24
1724256398, 92, 72.0, 17.24
1724256399, 93, 72.0, 17.19
1724256400, 93, 72.0, 17.19
1724256401, 93, 72.0, 17.19
1724256402, 93, 72.0, 17.19
1724256403, 94, 72.0, 17.19
1724256404, 94, 72.0, 17.19
1724256405, 94, 72.0, 17.19
1724256406, 94, 73.0, 16.52
1724256407, 93, 73.0, 16.52
1724256408, 93, 73.0, 16.52
1724256409, 93, 73.0, 16.62
1724256410, 93, 73.0, 16.62
1724256411, 93, 74.0, 16.62
1724256412, 93, 74.0, 16.64
1724256413, 92, 74.0, 16.64
1724256414, 91, 74.0, 16.64
1724256415, 90, 74.0, 16.81
1724256416, 87, 75.0, 16.81
1724256417, 83, 75.0, 16.95
1724256418, 79, 75.0, 16.95
1724256419, 79, 75.0, 17.1
1724256420, 79, 75.0, 17.1
1724256421, 79, 72.0, 17.1
1724256422, 79, 72.0, 17.41
1724256423, 80, 72.0, 17.41
1724256424, 81, 72.0, 17.71
1724256425, 83, 72.0, 17.71
1724256426, 83, 67.0, 17.71
1724256427, 84, 67.0, 17.71
1724256428, 86, 67.0, 17.66
1724256429, 88, 67.0, 17.66
1724256430, 90, 67.0, 17.66
1724256431, 93, 63.0, 17.98
1724256432, 95, 63.0, 17.98
1724256433, 97, 63.0, 17.98
1724256434, 98, 63.0, 18.11
1724256435, 100, 63.0, 18.11
1724256436, 101, 61.0, 18.11
1724256437, 102, 61.0, 18.11
1724256438, 103, 61.0, 18.11
1724256439, 103, 61.0, 18.11
1724256440, 104, 61.0, 18.05
1724256441, 102, 61.0, 18.05
1724256442, 98, 61.0, 18.05
1724256443, 95, 61.0, 18.05
1724256444, 90, 61.0, 17.98
1724256445, 86, 61.0, 17.98
1724256446, 83, 62.0, 17.98
1724256447, 83, 62.0, 18.34
1724256448, 82, 62.0, 18.34
1724256449, 82, 62.0, 18.34
1724256450, 82, 62.0, 18.55
1724256451, 83, 64.0, 18.55
1724256452, 83, 64.0, 18.8
1724256453, 83, 64.0, 18.8
1724256454, 83, 64.0, 19.03
1724256455, 84, 64.0, 19.03
1724256456, 84, 66.0, 19.03
1724256457, 86, 66.0, 19.03
1724256458, 86, 66.0, 19.34
1724256459, 86, 66.0, 19.34
1724256460, 87, 66.0, 19.34
1724256461, 90, 69.0, 19.34
1724256462, 91, 69.0, 19.34
1724256463, 93, 69.0, 19.21
1724256464, 96, 69.0, 19.21
1724256465, 96, 69.0, 19.21
1724256466, 98, 69.0, 19.21
1724256467, 98, 69.0, 19.17
1724256468, 98, 69.0, 19.17
1724256469, 99, 69.0, 19.22
1724256470, 99, 69.0, 19.22
1724256471, 100, 69.0, 19.22
1724256472, 100, 69.0, 19.22
1724256473, 100, 69.0, 19.13
1724256474, 101, 69.0, 19.13
1724256475, 101, 69.0, 19.13
1724256476, 100, 69.0, 19.23
1724256477, 98, 69.0, 19.23
1724256478, 96, 69.0, 19.23
1724256479, 94, 69.0, 19.23
1724256480, 91, 69.0, 19.08
1724256481, 89, 71.0, 19.08
1724256482, 88, 71.0, 19.08
1724256483, 88, 71.0, 18.99
1724256484, 88, 71.0, 18.99
1724256485, 87, 71.0, 18.99
1724256486, 87, 75.0, 18.99
1724256487, 87, 75.0, 19.14
1724256488, 87, 75.0, 19.14
1724256489, 87, 75.0, 19.14
1724256490, 86, 75.0, 19.02
1724256491, 86, 75.0, 19.02
1724256492, 86, 75.0, 19.02
1724256493, 86, 75.0, 19.02
1724256494, 86, 75.0, 19.15
1724256495, 87, 75.0, 19.15
1724256496, 87, 75.0, 19.08
1724256497, 88, 75.0, 19.08
1724256498, 91, 75.0, 19.2
1724256499, 92, 75.0, 19.2
1724256500, 92, 75.0, 19.2
1724256501, 92, 73.0, 19.2
1724256502, 92, 73.0, 19.19
1724256503, 93, 73.0, 19.19
1724256504, 92, 73.0, 19.41
1724256505, 91, 73.0, 19.41
1724256506, 91, 69.0, 19.41
1724256507, 90, 69.0, 19.41
1724256508, 90, 69.0, 19.34
1724256509, 92, 69.0, 19.34
1724256510, 93, 69.0, 19.47
1724256511, 92, 66.0, 19.47
1724256512, 92, 66.0, 19.47
1724256513, 91, 66.0, 19.47
1724256514, 91, 66.0, 19.4
1724256515, 91, 66.0, 19.4
1724256516, 90, 63.0, 19.4
1724256517, 90, 63.0, 19.43
1724256518, 91, 63.0, 19.43
1724256519, 96, 63.0, 19.43
1724256520, 101, 63.0, 19.43
1724256521, 107, 62.0, 19.43
1724256522, 110, 62.0, 19.34
1724256523, 111, 62.0, 19.34
1724256524, 112, 62.0, 19.34
1724256525, 110, 62.0, 19.18
1724256526, 109, 63.0, 19.18
1724256527, 106, 63.0, 19.18
1724256528, 104, 63.0, 19.18
1724256529, 102, 63.0, 18.96
1724256530, 98, 63.0, 18.96
1724256531, 97, 66.0, 18.96
1724256532, 95, 66.0, 18.96
1724256533, 94, 66.0, 18.82
1724256534, 92, 66.0, 18.82
1724256535, 90, 66.0, 18.99
1724256536, 88, 64.0, 18.99
1724256537, 86, 64.0, 18.99
1724256538, 85, 64.0, 19.1
1724256539, 84, 64.0, 19.1
1724256540, 84, 64.0, 19.1
1724256541, 84, 60.0, 19.19
1724256542, 84, 60.0, 19.19
1724256543, 84, 60.0, 19.47
1724256544, 85, 60.0, 19.47
1724256545, 86, 60.0, 19.47
1724256546, 86, 55.0, 20.47
1724256547, 88, 55.0, 20.47
1724256548, 88, 55.0, 20.47
1724256549, 88, 55.0, 20.47
1724256550, 89, 55.0, 20.47
1724256551, 90, 51.0, 20.47
1724256552, 92, 51.0, 20.47
1724256553, 91, 51.0, 20.47
1724256554, 91, 51.0, 20.35
1724256555, 93, 51.0, 20.35
1724256556, 95, 45.0, 20.35
1724256557, 96, 45.0, 20.35
1724256558, 99, 45.0, 20.35
1724256559, 102, 45.0, 20.35
1724256560, 103, 45.0, 20.35
1724256561, 101, 39.0, 20.35
1724256562, 101, 39.0, 20.25
1724256563, 101, 39.0, 20.25
1724256564, 101, 39.0, 20.25
1724256565, 101, 39.0, 20.22
1724256566, 100, 43.0, 20.22
1724256567, 100, 43.0, 20.22
1724256568, 100, 43.0, 20.22
1724256569, 99, 43.0, 20.22
1724256570, 100, 43.0, 20.22
1724256571, 99, 48.0, 20.11
1724256572, 98, 48.0, 20.11
1724256573, 97, 48.0, 20.11
1724256574, 96, 48.0, 20.11
1724256575, 96, 48.0, 20.11
1724256576, 97, 54.0, 19.66
1724256577, 97, 54.0, 19.66
1724256578, 101, 54.0, 19.66
1724256579, 101, 54.0, 19.66
1724256580, 101, 54.0, 19.66
1724256581, 101, 63.0, 19.66
1724256582, 101, 63.0, 19.66
1724256583, 101, 63.0, 19.14
1724256584, 100, 63.0, 19.14
1724256585, 100, 63.0, 19.22
1724256586, 98, 71.0, 19.22
1724256587, 95, 71.0, 19.22
1724256588, 93, 71.0, 19.22
1724256589, 91, 71.0, 19.22
1724256590, 90, 71.0, 19.11
1724256591, 89, 76.0, 19.11
1724256592, 89, 76.0, 19.11
1724256593, 87, 76.0, 19.14
1724256594, 86, 76.0, 19.14
1724256595, 87, 76.0, 19.14
1724256596, 88, 77.0, 19.14
1724256597, 88, 77.0, 19.14
1724256598, 88, 77.0, 19.14
1724256599, 89, 77.0, 19.14
1724256600, 89, 77.0, 19.14
1724256601, 89, 77.0, 19.14
1724256602, 89, 77.0, 19.0
1724256603, 89, 77.0, 19.0
1724256604, 89, 77.0, 19.0
1724256605, 89, 77.0, 19.0
1724256606, 89, 77.0, 19.0
1724256607, 89, 77.0, 19.0
1724256608, 89, 77.0, 19.0
1724256609, 89, 77.0, 19.0
1724256610, 89, 77.0, 18.87
1724256611, 88, 75.0, 18.93
1724256612, 86, 75.0, 18.93
1724256613, 85, 75.0, 18.93
1724256614, 84, 75.0, 18.93
1724256615, 84, 75.0, 18.93
1724256616, 84, 72.0, 18.93
1724256617, 84, 72.0, 18.93
1724256618, 84, 72.0, 18.93
1724256619, 84, 72.0, 18.84
1724256620, 84, 72.0, 18.84
1724256621, 84, 68.0, 18.84
1724256622, 83, 68.0, 18.84
1724256623, 83, 68.0, 18.84
1724256624, 83, 68.0, 18.84
1724256625, 85, 68.0, 18.84
1724256626, 87, 67.0, 18.84
1724256627, 86, 67.0, 18.84
1724256628, 86, 67.0, 18.66
1724256629, 85, 67.0, 18.66
1724256630, 85, 67.0, 18.66
1724256631, 85, 66.0, 18.66
1724256632, 85, 66.0, 18.66
1724256633, 84, 66.0, 18.47
1724256634, 84, 66.0, 18.47
1724256635, 84, 66.0, 18.47
1724256636, 84, 65.0, 18.47
1724256637, 84, 65.0, 18.47
1724256638, 84, 65.0, 18.49
1724256639, 84, 65.0, 18.49
1724256640, 84, 65.0, 18.49
1724256641, 84, 63.0, 18.49
1724256642, 84, 63.0, 18.49
1724256643, 84, 63.0, 18.49
1724256644, 84, 63.0, 18.18
1724256645, 84, 63.0, 18.18
1724256646, 84, 63.0, 18.18
1724256647, 84, 63.0, 18.18
1724256648, 85, 63.0, 18.18
1724256649, 85, 63.0, 18.18
1724256650, 85, 63.0, 18.18
1724256651, 85, 64.0, 18.18
1724256652, 85, 64.0, 18.18
1724256653, 85, 64.0, 18.18
1724256654, 85, 64.0, 18.18
1724256655, 85, 64.0, 17.83
1724256656, 85, 64.0, 17.83
1724256657, 85, 64.0, 17.83
1724256658, 87, 64.0, 17.83
1724256659, 88, 64.0, 17.86
1724256660, 88, 64.0, 17.86
1724256661, 88, 64.0, 17.95
1724256662, 87, 64.0, 17.95
1724256663, 87, 64.0, 17.95
1724256664, 87, 64.0, 18.0
1724256665, 87, 64.0, 18.0
1724256666, 87, 65.0, 18.0
1724256667, 87, 65.0, 17.97
1724256668, 87, 65.0, 17.97
1724256669, 87, 65.0, 17.97
1724256670, 87, 65.0, 18.38
1724256671, 88, 66.0, 18.38
1724256672, 88, 66.0, 18.38
1724256673, 88, 66.0, 18.68
1724256674, 88, 66.0, 18.68
1724256675, 89, 66.0, 19.16
1724256676, 89, 63.0, 19.16
1724256677, 90, 63.0, 19.16
1724256678, 90, 63.0, 19.16
1724256679, 90, 63.0, 19.03
1724256680, 89, 63.0, 19.03
1724256681, 88, 60.0, 19.03
1724256682, 88, 60.0, 18.92
1724256683, 88, 60.0, 18.92
1724256684, 87, 60.0, 18.92
1724256685, 87, 60.0, 18.92
1724256686, 86, 56.0, 18.76
1724256687, 84, 56.0, 18.76
1724256688, 84, 56.0, 18.76
1724256689, 84, 56.0, 18.76
1724256690, 83, 56.0, 18.68
1724256691, 82, 52.0, 18.68
1724256692, 82, 52.0, 18.68
1724256693, 82, 52.0, 18.97
1724256694, 82, 52.0, 18.97
1724256695, 82, 52.0, 18.97
1724256696, 82, 47.0, 18.81
1724256697, 83, 47.0, 18.81
1724256698, 82, 47.0, 18.81
1724256699, 82, 47.0, 18.81
1724256700, 82, 47.0, 18.81
1724256701, 82, 40.0, 18.81
1724256702, 82, 40.0, 18.89
1724256703, 81, 40.0, 18.89
1724256704, 81, 40.0, 18.89
1724256705, 81, 40.0, 18.89
1724256706, 81, 37.0, 18.89
1724256707, 81, 37.0, 18.68
1724256708, 81, 37.0, 18.68
1724256709, 81, 37.0, 18.68
1724256710, 81, 37.0, 18.9
1724256711, 82, 36.0, 18.9
1724256712, 83, 36.0, 19.07
1724256713, 84, 36.0, 19.07
1724256714, 85, 36.0, 19.26
1724256715, 86, 36.0, 19.26
1724256716, 87, 39.0, 19.26
1724256717, 87, 39.0, 19.26
1724256718, 87, 39.0, 19.37
1724256719, 88, 39.0, 19.37
1724256720, 88, 39.0, 21.53
1724256721, 89, 42.0, 21.53
1724256722, 90, 42.0, 22.01
1724256723, 91, 42.0, 22.01
1724256724, 93, 42.0, 22.01
1724256725, 94, 42.0, 21.97
1724256726, 94, 47.0, 21.97
1724256727, 95, 47.0, 21.97
1724256728, 96, 47.0, 21.97
1724256729, 97, 47.0, 21.87
1724256730, 97, 47.0, 21.87
1724256731, 98, 53.0, 21.87
1724256732, 98, 53.0, 21.87
1724256733, 98, 53.0, 21.87
1724256734, 98, 53.0, 21.8
1724256735, 98, 53.0, 21.8
1724256736, 98, 60.0, 21.82
1724256737, 99, 60.0, 21.82
1724256738, 99, 60.0, 21.82
1724256739, 99, 60.0, 21.82
1724256740, 98, 60.0, 21.82
1724256741, 98, 67.0, 21.84
1724256742, 97, 67.0, 21.84
1724256743, 97, 67.0, 21.89
1724256744, 98, 67.0, 21.89
1724256745, 97, 67.0, 21.89
1724256746, 97, 71.0, 22.23
1724256747, 96, 71.0, 22.23
1724256748, 96, 71.0, 22.23
1724256749, 95, 71.0, 22.23
1724256750, 95, 71.0, 22.23
1724256751, 96, 75.0, 22.13
1724256752, 96, 75.0, 22.13
1724256753, 96, 75.0, 22.13
1724256754, 96, 75.0, 22.13
1724256755, 96, 75.0, 22.06
1724256756, 96, 77.0, 22.06
1724256757, 96, 77.0, 22.06
1724256758, 95, 77.0, 22.06
1724256759, 95, 77.0, 22.0
1724256760, 94, 77.0, 22.0
1724256761, 93, 78.0, 22.0
1724256762, 92, 78.0, 22.0
1724256763, 89, 78.0, 21.88
1724256764, 87, 78.0, 21.88
1724256765, 85, 78.0, 21.88
1724256766, 84, 78.0, 21.88
1724256767, 84, 78.0, 21.88
1724256768, 84, 78.0, 20.81
1724256769, 84, 78.0, 20.81
1724256770, 84, 78.0, 20.81
1724256771, 84, 75.0, 19.38
1724256772, 85, 75.0, 19.38
1724256773, 83, 75.0, 19.38
1724256774, 81, 75.0, 19.44
1724256775, 79, 75.0, 19.44
1724256776, 79, 69.0, 19.44
1724256777, 78, 69.0, 19.44
1724256778, 78, 69.0, 19.36
1724256779, 78, 69.0, 19.36
1724256780, 78, 69.0, 19.36
1724256781, 77, 62.0, 19.42
1724256782, 77, 62.0, 19.42
1724256783, 77, 62.0, 19.48
1724256784, 77, 62.0, 19.48
1724256785, 77, 62.0, 19.52
1724256786, 75, 55.0, 19.52
1724256787, 74, 55.0, 19.52
1724256788, 74, 55.0, 19.52
1724256789, 73, 55.0, 19.52
1724256790, 73, 55.0, 19.52
1724256791, 73, 49.0, 19.43
1724256792, 72, 49.0, 19.43
1724256793, 70, 49.0, 19.43
1724256794, 70, 49.0, 19.41
1724256795, 69, 49.0, 19.41
1724256796, 68, 42.0, 19.41
1724256797, 68, 42.0, 19.41
1724256798, 68, 42.0, 19.36
1724256799, 69, 42.0, 19.36
1724256800, 71, 42.0, 19.42
1724256801, 71, 36.0, 19.42
1724256802, 72, 36.0, 19.42
1724256803, 71, 36.0, 19.42
1724256804, 70, 36.0, 19.42
1724256805, 70, 36.0, 19.49
1724256806, 70, 29.0, 19.49
1724256807, 70, 29.0, 19.49
1724256808, 71, 29.0, 19.49
1724256809, 74, 29.0, 19.49
1724256810, 76, 29.0, 19.49
1724256811, 76, 25.0, 19.49
1724256812, 76, 25.0, 19.49
1724256813, 77, 25.0, 19.49
1724256814, 78, 25.0, 19.35
1724256815, 78, 25.0, 19.32
1724256816, 79, 24.0, 19.32
1724256817, 80, 24.0, 19.32
1724256818, 81, 24.0, 19.32
1724256819, 81, 24.0, 19.32
1724256820, 81, 24.0, 19.32
1724256821, 81, 24.0, 19.32
1724256822, 81, 24.0, 19.32
1724256823, 81, 24.0, 19.22
1724256824, 81, 24.0, 19.22
1724256825, 81, 24.0, 19.22
1724256826, 82, 25.0, 19.22
1724256827, 82, 25.0, 19.26
1724256828, 81, 25.0, 19.26
1724256829, 82, 25.0, 19.26
1724256830, 82, 25.0, 19.26
1724256831, 81, 25.0, 19.26
1724256832, 81, 25.0, 19.26
1724256833, 82, 25.0, 19.26
1724256834, 82, 25.0, 19.26
1724256835, 81, 25.0, 19.26
1724256836, 82, 29.0, 19.17
1724256837, 82, 29.0, 19.17
1724256838, 82, 29.0, 19.09
1724256839, 82, 29.0, 19.09
1724256840, 81, 29.0, 19.09
1724256841, 80, 36.0, 19.09
1724256842, 80, 36.0, 19.09
1724256843, 80, 36.0, 19.09
1724256844, 79, 36.0, 19.09
1724256845, 78, 36.0, 19.08
1724256846, 77, 38.0, 19.08
1724256847, 76, 38.0, 19.15
1724256848, 75, 38.0, 19.15
1724256849, 75, 38.0, 19.15
1724256850, 76, 38.0, 19.28
1724256851, 76, NaN, 19.28
1724256852, 75, NaN, 19.28
1724256853, 74, NaN, 19.62
1724256854, 75, NaN, 19.62
1724256855, 75, NaN, 19.62
1724256856, 75, NaN, 19.52
1724256857, 75, NaN, 19.52
1724256858, 76, NaN, 19.52
1724256859, 76, NaN, 19.57
1724256860, 80, NaN, 19.57
1724256861, 82, NaN, 19.68
1724256862, 86, NaN, 19.68
1724256863, 89, NaN, 19.68
1724256864, 100, NaN, 19.86
1724256865, 108, NaN, 19.86
1724256866, 110, 51.0, 19.86
1724256867, 110, 51.0, 19.78
1724256868, 108, 51.0, 19.78
1724256869, 106, 51.0, 19.78
1724256870, 105, 51.0, 19.78
1724256871, 104, 66.0, 19.78
1724256872, 103, 66.0, 19.78
1724256873, 102, 66.0, 19.78
1724256874, 100, 66.0, 19.78
1724256875, 98, 66.0, 19.61
1724256876, 98, 72.0, 19.61
1724256877, 96, 72.0, 19.63
1724256878, 94, 72.0, 19.63
1724256879, 94, 72.0, 19.63
1724256880, 94, 72.0, 19.59
1724256881, 93, 67.0, 19.59
1724256882, 93, 67.0, 19.59
1724256883, 93, 67.0, 19.63
1724256884, 92, 67.0, 19.63
1724256885, 92, 67.0, 19.63
1724256886, 91, 65.0, 19.55
1724256887, 90, 65.0, 19.55
1724256888, 93, 65.0, 19.55
1724256889, 96, 65.0, 19.55
1724256890, 97, 65.0, 19.12
1724256891, 94, 64.0, 19.12
1724256892, 91, 64.0, 19.12
1724256893, 89, 64.0, 19.12
1724256894, 88, 64.0, 19.12
1724256895, 87, 64.0, 19.12
1724256896, 89, 63.0, 18.71
1724256897, 90, 63.0, 18.71
1724256898, 91, 63.0, 18.71
1724256899, 92, 63.0, 18.51
1724256900, 94, 63.0, 18.51
1724256901, 97, 57.0, 18.51
1724256902, 100, 57.0, 18.51
1724256903, 102, 57.0, 18.33
1724256904, 102, 57.0, 18.33
1724256905, 102, 57.0, 18.33
1724256906, 100, 56.0, 17.9
1724256907, 100, 56.0, 17.9
1724256908, 97, 56.0, 17.9
1724256909, 96, 56.0, 17.9
1724256910, 94, 56.0, 17.95
1724256911, 92, 57.0, 17.95
1724256912, 91, 57.0, 17.95
1724256913, 91, 57.0, 17.95
1724256914, 91, 57.0, 17.43
1724256915, 91, 57.0, 17.43
1724256916, 91, 58.0, 17.43
1724256917, 91, 58.0, 17.43
1724256918, 90, 58.0, 17.43
1724256919, 89, 58.0, 17.09
1724256920, 88, 58.0, 17.09
1724256921, 88, 60.0, 17.09
1724256922, 87, 60.0, 17.11
1724256923, 87, 60.0, 17.11
1724256924, 87, 60.0, 17.11
1724256925, 87, 60.0, 17.24
1724256926, 87, 58.0, 17.24
1724256927, 87, 58.0, 17.24
1724256928, 88, 58.0, 17.32
1724256929, 89, 58.0, 17.32
1724256930, 89, 58.0, 17.32
1724256931, 90, 59.0, 17.33
1724256932, 90, 59.0, 17.33
1724256933, 90, 59.0, 17.33
1724256934, 90, 59.0, 17.62
1724256935, 89, 59.0, 17.62
1724256936, 89, 59.0, 17.62
1724256937, 89, 59.0, 18.09
1724256938, 89, 59.0, 18.09
1724256939, 89, 59.0, 18.09
1724256940, 90, 59.0, 18.34
1724256941, 90, 60.0, 18.34
1724256942, 90, 60.0, 18.34
1724256943, 90, 60.0, 18.74
1724256944, 89, 60.0, 18.74
1724256945, 89, 60.0, 18.74
1724256946, 89, 60.0, 19.25
1724256947, 89, 60.0, 19.25
1724256948, 89, 60.0, 19.43
1724256949, 89, 60.0, 19.43
1724256950, 94, 60.0, 19.51
1724256951, 98, 59.0, 19.51
1724256952, 103, 59.0, 19.69
1724256953, 104, 59.0, 19.69
1724256954, 103, 59.0, 19.69
1724256955, 97, 59.0, 19.74
1724256956, 93, 63.0, 19.74
1724256957, 92, 63.0, 19.95
1724256958, 92, 63.0, 19.95
1724256959, 94, 63.0, 19.95
1724256960, 96, 63.0, 19.95
1724256961, 96, 66.0, 19.95
1724256962, 96, 66.0, 19.89
1724256963, 95, 66.0, 19.89
1724256964, 95, 66.0, 19.89
1724256965, 95, 66.0, 19.83
1724256966, 95, 69.0, 19.83
1724256967, 94, 69.0, 19.92
1724256968, 94, 69.0, 19.92
1724256969, 94, 69.0, 19.92
1724256970, 93, 69.0, 19.92
1724256971, 91, 71.0, 19.87
1724256972, 88, 71.0, 19.87
1724256973, 86, 71.0, 19.87
1724256974, 86, 71.0, 19.92
1724256975, 87, 71.0, 19.92
1724256976, 86, 72.0, 19.92
1724256977, 86, 72.0, 19.92
1724256978, 85, 72.0, 19.92
1724256979, 85, 72.0, 19.92
1724256980, 85, 72.0, 19.88
1724256981, 86, 71.0, 19.88
1724256982, 86, 71.0, 19.88
1724256983, 86, 71.0, 19.88
1724256984, 86, 71.0, 19.88
1724256985, 86, 71.0, 19.88
1724256986, 86, 69.0, 19.88
1724256987, 86, 69.0, 19.88
1724256988, 86, 69.0, 19.88
1724256989, 86, 69.0, 19.88
1724256990, 86, 69.0, 19.81
1724256991, 86, 66.0, 19.81
1724256992, 86, 66.0, 19.81
1724256993, 86, 66.0, 19.81
1724256994, 85, 66.0, 19.81
1724256995, 85, 66.0, 19.81
1724256996, 85, 63.0, 19.81
1724256997, 84, 63.0, 19.81
1724256998, 83, 63.0, 19.81
1724256999, 82, 63.0, 19.7
1724257000, 82, 63.0, 19.7
1724257001, 83, 62.0, 19.7
1724257002, 82, 62.0, 19.7
1724257003, 82, 62.0, 19.63
1724257004, 82, 62.0, 19.63
1724257005, 82, 62.0, 19.63
1724257006, 82, 59.0, 19.63
1724257007, 81, 59.0, 19.63
1724257008, 81, 59.0, 19.63
1724257009, 81, 59.0, 19.63
1724257010, 81, 59.0, 19.61
1724257011, 80, 57.0, 19.61
1724257012, 80, 57.0, 19.61
1724257013, 81, 57.0, 19.61
1724257014, 81, 57.0, 19.61
1724257015, 82, 57.0, 19.61
1724257016, 84, 54.0, 19.61
1724257017, 85, 54.0, 19.61
1724257018, 87, 54.0, 19.42
1724257019, 89, 54.0, 19.42
1724257020, 89, 54.0, 19.42
1724257021, 89, 55.0, 19.42
1724257022, 89, 55.0, 19.42
1724257023, 89, 55.0, 19.42
1724257024, 89, 55.0, 19.42
1724257025, 90, 55.0, 19.42
1724257026, 90, 57.0, 19.23
1724257027, 90, 57.0, 19.23
1724257028, 89, 57.0, 19.23
1724257029, 89, 57.0, 19.23
1724257030, 87, 57.0, 19.23
1724257031, 86, 57.0, 19.23
1724257032, 86, 57.0, 19.0
1724257033, 86, 57.0, 19.0
1724257034, 87, 57.0, 19.06
1724257035, 87, 57.0, 19.06
1724257036, 87, 60.0, 19.06
1724257037, 87, 60.0, 19.06
1724257038, 86, 60.0, 19.1
1724257039, 86, 60.0, 19.15
1724257040, 85, 60.0, 19.15
1724257041, 86, 64.0, 19.15
1724257042, 86, 64.0, 19.2
1724257043, 86, 64.0, 19.2
1724257044, 86, 64.0, 19.2
1724257045, 86, 64.0, 19.2
1724257046, 85, 68.0, 19.2
1724257047, 84, 68.0, 19.2
1724257048, 82, 68.0, 19.2
1724257049, 79, 68.0, 19.2
1724257050, 79, 68.0, 19.2
1724257051, 79, 68.0, 19.2
1724257052, 80, 68.0, 19.03
1724257053, 80, 68.0, 19.03
1724257054, 81, 68.0, 19.03
1724257055, 81, 68.0, 19.03
1724257056, 81, 62.0, 19.03
1724257057, 81, 62.0, 19.03
1724257058, 79, 62.0, 19.03
1724257059, 77, 62.0, 19.03
1724257060, 77, 62.0, 19.03
1724257061, 77, 55.0, 18.91
1724257062, 77, 55.0, 18.91
1724257063, 77, 55.0, 18.93
1724257064, 77, 55.0, 18.93
1724257065, 77, 55.0, 19.01
1724257066, 78, 49.0, 19.01
1724257067, 77, 49.0, 19.01
1724257068, 77, 49.0, 19.01
1724257069, 78, 49.0, 19.01
1724257070, 79, 49.0, 19.01
1724257071, 79, 43.0, 19.01
1724257072, 79, 43.0, 18.93
1724257073, 79, 43.0, 18.93
1724257074, 79, 43.0, 18.96
1724257075, 79, 43.0, 18.96
1724257076, 80, 38.0, 18.96
1724257077, 79, 38.0, 18.96
1724257078, 79, 38.0, 18.96
1724257079, 79, 38.0, 18.86
1724257080, 79, 38.0, 18.86
1724257081, 79, 33.0, 18.86
1724257082, 79, 33.0, 18.86
1724257083, 78, 33.0, 18.86
1724257084, 77, 33.0, 18.95
1724257085, 76, 33.0, 18.95
1724257086, 77, 34.0, 18.95
1724257087, 81, 34.0, 18.95
1724257088, 84, 34.0, 18.95
1724257089, 87, 34.0, 18.79
1724257090, 93, 34.0, 18.79
1724257091, 96, 39.0, 18.79
1724257092, 95, 39.0, 18.8
1724257093, 93, 39.0, 18.8
1724257094, 91, 39.0, 18.92
1724257095, 91, 39.0, 18.92
1724257096, 90, 45.0, 19.05
1724257097, 88, 45.0, 19.05
1724257098, 88, 45.0, 19.05
1724257099, 88, 45.0, 19.05
1724257100, 86, 45.0, 19.05
1724257101, 85, 52.0, 19.04
1724257102, 84, 52.0, 19.04
1724257103, 83, 52.0, 18.93
1724257104, 81, 52.0, 18.93
1724257105, 81, 52.0, 18.93
1724257106, 81, 57.0, 18.93
1724257107, 81, 57.0, 18.87
1724257108, 81, 57.0, 18.87
1724257109, 82, 57.0, 18.87
1724257110, 83, 57.0, 19.03
1724257111, 86, 63.0, 19.03
1724257112, 86, 63.0, 19.15
1724257113, 87, 63.0, 19.15
1724257114, 88, 63.0, 19.15
1724257115, 87, 63.0, 19.25
1724257116, 84, 66.0, 19.25
1724257117, 83, 66.0, 19.25
1724257118, 81, 66.0, 19.25
1724257119, 80, 66.0, 19.09
1724257120, 78, 66.0, 19.09
1724257121, 78, 66.0, 19.09
1724257122, 78, 66.0, 19.09
1724257123, 78, 66.0, 18.9
1724257124, 78, 66.0, 18.9
1724257125, 78, 66.0, 18.9
1724257126, 78, 60.0, 19.09
1724257127, 78, 60.0, 19.09
1724257128, 78, 60.0, 19.09
1724257129, 78, 60.0, 19.09
1724257130, 77, 60.0, 18.92
1724257131, 77, 54.0, 18.92
1724257132, 77, 54.0, 18.92
1724257133, 76, 54.0, 18.88
1724257134, 76, 54.0, 18.88
1724257135, 77, 54.0, 18.88
1724257136, 77, 49.0, 18.88
1724257137, 77, 49.0, 18.88
1724257138, 77, 49.0, 18.88
1724257139, 77, 49.0, 18.88
1724257140, 77, 49.0, 18.63
1724257141, 77, 44.0, 18.63
1724257142, 77, 44.0, 18.63
1724257143, 77, 44.0, 18.63
1724257144, 77, 44.0, 18.55
1724257145, 78, 44.0, 18.55
1724257146, 79, 44.0, 18.7
1724257147, 79, 44.0, 18.7
1724257148, 79, 44.0, 18.7
1724257149, 78, 44.0, 18.8
1724257150, 78, 44.0, 18.8
1724257151, 78, 40.0, 18.84
1724257152, 77, 40.0, 18.84
1724257153, 77, 40.0, 18.84
1724257154, 76, 40.0, 19.15
1724257155, 77, 40.0, 19.15
1724257156, 76, 39.0, 19.15
1724257157, 76, 39.0, 19.15
1724257158, 76, 39.0, 19.01
1724257159, 77, 39.0, 19.01
1724257160, 78, 39.0, 19.17
1724257161, 78, 38.0, 19.17
1724257162, 78, 38.0, 19.17
1724257163, 79, 38.0, 19.17
1724257164, 79, 38.0, 19.17
1724257165, 79, 38.0, 19.17
1724257166, 79, 39.0, 19.0
1724257167, 80, 39.0, 19.0
1724257168, 80, 39.0, 19.0
1724257169, 80, 39.0, 19.0
1724257170, 83, 39.0, 18.79
1724257171, 85, 38.0, 18.79
1724257172, 85, 38.0, 18.79
1724257173, 84, 38.0, 18.54
1724257174, 84, 38.0, 18.54
1724257175, 83, 38.0, 18.54
1724257176, 83, 33.0, 18.54
1724257177, 82, 33.0, 18.48
1724257178, 82, 33.0, 18.68
1724257179, 81, 33.0, 18.68
1724257180, 81, 33.0, 18.68
1724257181, 80, 32.0, 18.8
1724257182, 79, 32.0, 18.8
1724257183, 79, 32.0, 18.8
1724257184, 79, 32.0, 18.8
1724257185, 79, 32.0, 18.7
1724257186, 78, 33.0, 18.7
1724257187, 78, 33.0, 18.7
1724257188, 78, 33.0, 18.78
1724257189, 77, 33.0, 18.78
1724257190, 77, 33.0, 18.78
1724257191, 77, 32.0, 18.78
1724257192, 77, 32.0, 18.65
1724257193, 76, 32.0, 18.65
1724257194, 76, 32.0, 18.65
1724257195, 76, 32.0, 18.7
1724257196, 76, 31.0, 18.7
1724257197, 76, 31.0, 18.7
1724257198, 76, 31.0, 18.7
1724257199, 76, 31.0, 18.47
1724257200, 76, 31.0, 18.47
1724257201, 77, 28.0, 18.66
1724257202, 77, 28.0, 18.66
1724257203, 79, 28.0, 18.66
1724257204, 79, 28.0, 18.66
1724257205, 80, 28.0, 18.66
1724257206, 82, 26.0, 18.6
1724257207, 84, 26.0, 18.6
1724257208, 84, 26.0, 18.6
1724257209, 85, 26.0, 18.65
1724257210, 85, 26.0, 18.73
1724257211, 87, 25.0, 18.73
1724257212, 88, 25.0, 18.73
1724257213, 87, 25.0, 18.73
1724257214, 83, 25.0, 18.73
1724257215, 81, 25.0, 18.73
1724257216, 80, 25.0, 18.73
1724257217, 80, 25.0, 18.73
1724257218, 79, 25.0, 18.56
1724257219, 78, 25.0, 18.56
1724257220, 74, 25.0, 18.76
1724257221, 73, 25.0, 18.76
1724257222, 73, 25.0, 18.76
1724257223, 73, 25.0, 18.86
1724257224, 74, 25.0, 18.86
1724257225, 76, 25.0, 18.86
1724257226, 77, 25.0, 18.89
1724257227, 78, 25.0, 18.89
1724257228, 79, 25.0, 18.89
1724257229, 80, 25.0, 18.89
1724257230, 79, 25.0, 18.68
1724257231, 80, 25.0, 18.68
1724257232, 80, 25.0, 18.68
1724257233, 82, 25.0, 18.68
1724257234, 87, 25.0, 18.94
1724257235, 89, 25.0, 19.15
1724257236, 89, 25.0, 19.15
1724257237, 88, 25.0, 19.3
1724257238, 87, 25.0, 19.3
1724257239, 86, 25.0, 19.3
1724257240, 84, 25.0, 19.41
1724257241, 83, 25.0, 19.41
1724257242, 82, 25.0, 19.41
1724257243, 82, 25.0, 19.41
1724257244, 81, 25.0, 19.41
1724257245, 74, 25.0, 19.41
1724257246, 64, 26.0, 19.28
1724257247, 61, 26.0, 19.28
1724257248, 60, 26.0, 19.28
1724257249, 59, 26.0, 19.32
1724257250, 58, 26.0, 19.32
1724257251, 57, 27.0, 19.32
1724257252, 57, 27.0, 19.27
1724257253, 57, 27.0, 19.27
1724257254, 57, 27.0, 19.27
1724257255, 57, 27.0, 19.27
1724257256, 57, 24.0, 19.27
1724257257, 58, 24.0, 19.27
1724257258, 58, 24.0, 19.34
1724257259, 58, 24.0, 19.34
1724257260, 58, 24.0, 19.34
1724257261, 59, 23.0, 19.34
1724257262, 60, 23.0, 19.34
1724257263, 61, 23.0, 19.34
1724257264, 60, 23.0, 19.18
1724257265, 60, 23.0, 19.18
1724257266, 59, 19.0, 19.18
1724257267, 59, 19.0, 19.18
1724257268, 59, 19.0, 19.25
1724257269, 59, 19.0, 19.25
1724257270, 58, 19.0, 19.22
1724257271, 58, 14.0, 19.22
1724257272, 58, 14.0, 19.22
1724257273, 58, 14.0, 19.25
1724257274, 57, 14.0, 19.25
1724257275, 57, 14.0, 19.25
1724257276, 57, 9.0, 19.28
1724257277, 56, 9.0, 19.28
1724257278, 56, 9.0, 19.28
1724257279, 56, 9.0, 19.28
1724257280, 57, 9.0, 19.28
1724257281, 58, 5.0, 19.28
1724257282, 57, 5.0, 19.28
1724257283, 57, 5.0, 19.28
1724257284, 57, 5.0, 19.28
1724257285, 57, 5.0, 19.28
1724257286, 57, 2.0, 19.1
1724257287, 57, 2.0, 19.1
1724257288, 58, 2.0, 19.1
1724257289, 58, 2.0, 19.1
1724257290, 58, 2.0, 19.1
1724257291, 58, NaN, 19.1
1724257292, 59, NaN, 19.1
1724257293, 60, NaN, 19.1
1724257294, 62, NaN, 19.1
1724257295, 64, NaN, 19.1
1724257296, 67, NaN, 18.93
1724257297, 69, NaN, 18.93
1724257298, 69, NaN, 18.93
1724257299, 69, NaN, 18.93
1724257300, 68, NaN, 18.93
1724257301, 68, NaN, 18.93
1724257302, 68, NaN, 18.93
1724257303, 68, NaN, 18.93
1724257304, 68, NaN, 18.93
1724257305, 70, NaN, 18.93
1724257306, 72, 3.0, 18.79
1724257307, 79, 3.0, 18.79
1724257308, 84, 3.0, 18.79
1724257309, 89, 3.0, 18.79
1724257310, 89, 3.0, 18.79
1724257311, 89, 10.0, 18.79
1724257312, 89, 10.0, 18.79
1724257313, 89, 10.0, 18.79
1724257314, 88, 10.0, 18.79
1724257315, 88, 10.0, 18.79
1724257316, 88, 16.0, 18.56
1724257317, 87, 16.0, 18.56
1724257318, 87, 16.0, 18.56
1724257319, 87, 16.0, 18.56
1724257320, 87, 16.0, 18.56
1724257321, 86, 23.0, 18.56
1724257322, 86, 23.0, 15.52
1724257323, 85, 23.0, 15.52
1724257324, 85, 23.0, 15.52
1724257325, 85, 23.0, 15.52
1724257326, 83, 38.0, 15.52
1724257327, 82, 38.0, 15.56
1724257328, 81, 38.0, 15.56
1724257329, 79, 38.0, 15.58
1724257330, 78, 38.0, 15.58
1724257331, 76, 51.0, 15.58
1724257332, 74, 51.0, 15.58
1724257333, 73, 51.0, 15.66
1724257334, 69, 51.0, 15.83
1724257335, 67, 51.0, 15.83
1724257336, 65, 50.0, 15.83
1724257337, 64, 50.0, 15.83
1724257338, 65, 50.0, 16.18
1724257339, 64, 50.0, 16.18
1724257340, 64, 50.0, 16.67
1724257341, 65, 40.0, 16.67
1724257342, 65, 40.0, 16.67
1724257343, 66, 40.0, 16.67
1724257344, 66, 40.0, 16.67
1724257345, 66, 40.0, 16.67
1724257346, 64, 25.0, 16.67
1724257347, 64, 25.0, 16.54
1724257348, 66, 25.0, 16.54
1724257349, 68, 25.0, 16.54
1724257350, 71, 25.0, 16.58
1724257351, 70, 21.0, 16.58
1724257352, 72, 21.0, 16.58
1724257353, 72, 21.0, 16.69
1724257354, 74, 21.0, 16.69
1724257355, 75, 21.0, 16.69
1724257356, 76, NaN, 16.69
1724257357, 75, NaN, 16.69
1724257358, 72, NaN, 16.62
1724257359, 71, NaN, 16.62
1724257360, 73, NaN, 16.73
1724257361, 76, 15.0, 16.73
1724257362, 82, 15.0, 16.73
1724257363, 82, 15.0, 16.73
1724257364, 83, 15.0, 16.68
1724257365, 83, 15.0, 16.68
1724257366, 82, 14.0, 16.68
1724257367, 80, 14.0, 16.84
1724257368, 73, 14.0, 16.84
1724257369, 68, 14.0, 16.84
1724257370, 67, 14.0, 17.01
1724257371, 65, 16.0, 17.01
1724257372, 64, 16.0, 17.01
1724257373, 64, 16.0, 16.97
1724257374, 64, 16.0, 16.97
1724257375, 65, 16.0, 17.12
1724257376, 67, 17.0, 17.12
1724257377, 68, 17.0, 17.12
1724257378, 71, 17.0, 17.3
1724257379, 73, 17.0, 17.3
1724257380, 74, 17.0, 17.3
1724257381, 75, 18.0, 17.3
1724257382, 77, 18.0, 17.22
1724257383, 79, 18.0, 17.22
1724257384, 81, 18.0, 17.22
1724257385, 81, 18.0, 17.22
1724257386, 81, 18.0, 17.22
1724257387, 80, 18.0, 17.22
1724257388, 79, 18.0, 17.22
1724257389, 79, 18.0, 17.26
1724257390, 79, 18.0, 17.26
1724257391, 79, 19.0, 17.26
1724257392, 79, 19.0, 17.4
1724257393, 78, 19.0, 17.4
1724257394, 79, 19.0, 17.4
1724257395, 78, 19.0, 17.4
1724257396, 78, 21.0, 17.37
1724257397, 82, 21.0, 17.37
1724257398, 83, 21.0, 17.37
1724257399, 82, 21.0, 18.02
1724257400, 82, 21.0, 18.02
1724257401, 81, 21.0, 18.02
1724257402, 81, 21.0, 18.38
1724257403, 81, 21.0, 18.38
1724257404, 81, 21.0, 18.38
1724257405, 82, 21.0, 18.38
1724257406, 83, 23.0, 18.38
1724257407, 83, 23.0, 18.38
1724257408, 84, 23.0, 18.14
1724257409, 82, 23.0, 18.14
1724257410, 83, 23.0, 18.14
1724257411, 84, 24.0, 18.14
1724257412, 84, 24.0, 18.14
1724257413, 83, 24.0, 17.96
1724257414, 84, 24.0, 17.96
1724257415, 83, 24.0, 17.96
1724257416, 82, 27.0, 17.97
1724257417, 81, 27.0, 17.97
1724257418, 80, 27.0, 17.97
1724257419, 79, 27.0, 17.97
1724257420, 78, 27.0, 17.97
1724257421, 76, 32.0, 17.97
1724257422, 73, 32.0, 17.97
1724257423, 72, 32.0, 17.82
1724257424, 71, 32.0, 17.82
1724257425, 71, 32.0, 17.86
1724257426, 72, 31.0, 17.86
1724257427, 72, 31.0, 17.86
1724257428, 73, 31.0, 17.91
1724257429, 73, 31.0, 17.91
1724257430, 73, 31.0, 17.91
1724257431, 73, 30.0, 17.91
1724257432, 73, 30.0, 17.83
1724257433, 74, 30.0, 17.83
1724257434, 75, 30.0, 17.97
1724257435, 77, 30.0, 17.97
1724257436, 80, 30.0, 18.19
1724257437, 84, 30.0, 18.19
1724257438, 85, 30.0, 18.19
1724257439, 86, 30.0, 18.37
1724257440, 87, 30.0, 18.37
1724257441, 87, 30.0, 18.37
1724257442, 87, 30.0, 18.5
1724257443, 87, 30.0, 18.5
1724257444, 88, 30.0, 18.5
1724257445, 88, 30.0, 18.5
1724257446, 87, 30.0, 18.5
1724257447, 85, 30.0, 18.39
1724257448, 83, 30.0, 18.39
1724257449, 80, 30.0, 18.39
1724257450, 79, 30.0, 18.39
1724257451, 78, 28.0, 18.39
1724257452, 78, 28.0, 18.39
1724257453, 77, 28.0, 18.26
1724257454, 76, 28.0, 18.26
1724257455, 76, 28.0, 18.26
1724257456, 75, 27.0, 18.23
1724257457, 75, 27.0, 18.23
1724257458, 74, 27.0, 18.23
1724257459, 75, 27.0, 18.3
1724257460, 75, 27.0, 18.3
1724257461, 75, 25.0, 18.38
1724257462, 75, 25.0, 18.38
1724257463, 75, 25.0, 18.38
1724257464, 74, 25.0, 18.48
1724257465, 74, 25.0, 18.48
1724257466, 75, 25.0, 18.79
1724257467, 76, 25.0, 18.79
1724257468, 76, 25.0, 18.79
1724257469, 77, 25.0, 18.79
1724257470, 78, 25.0, 18.79
1724257471, 80, 25.0, 18.64
1724257472, 80, 25.0, 18.64
1724257473, 80, 25.0, 18.64
1724257474, 82, 25.0, 18.78
1724257475, 83, 25.0, 18.78
1724257476, 83, 28.0, 18.88
1724257477, 84, 28.0, 18.88
1724257478, 84, 28.0, 18.88
1724257479, 84, 28.0, 18.88
1724257480, 84, 28.0, 18.88
1724257481, 84, 34.0, 18.88
1724257482, 84, 34.0, 18.88
1724257483, 84, 34.0, 18.79
1724257484, 84, 34.0, 18.79
1724257485, 84, 34.0, 18.79
1724257486, 84, 40.0, 18.79
1724257487, 85, 40.0, 18.79
1724257488, 86, 40.0, 18.79
1724257489, 86, 40.0, 18.79
1724257490, 87, 40.0, 18.79
1724257491, 87, 45.0, 18.79
1724257492, 87, 45.0, 18.79
1724257493, 87, 45.0, 18.79
1724257494, 86, 45.0, 18.68
1724257495, 86, 45.0, 18.68
1724257496, 86, 49.0, 18.68
1724257497, 86, 49.0, 18.68
1724257498, 86, 49.0, 18.68
1724257499, 86, 49.0, 18.68
1724257500, 86, 49.0, 18.68
1724257501, 86, 56.0, 18.68
1724257502, 86, 56.0, 18.58
1724257503, 85, 56.0, 18.58
1724257504, 85, 56.0, 18.55
1724257505, 85, 56.0, 18.55
1724257506, 85, 58.0, 18.55
1724257507, 85, 58.0, 18.64
1724257508, 85, 58.0, 18.64
1724257509, 85, 58.0, 18.65
1724257510, 86, 58.0, 18.65
1724257511, 85, 59.0, 18.65
1724257512, 85, 59.0, 18.65
1724257513, 86, 59.0, 18.65
1724257514, 86, 59.0, 18.56
1724257515, 86, 59.0, 18.56
1724257516, 85, 59.0, 18.56
1724257517, 84, 59.0, 18.56
1724257518, 83, 59.0, 18.53
1724257519, 85, 59.0, 18.53
1724257520, 86, 59.0, 18.53
1724257521, 87, 64.0, 18.61
1724257522, 87, 64.0, 18.61
1724257523, 87, 64.0, 18.82
1724257524, 87, 64.0, 18.82
1724257525, 88, 64.0, 18.82
1724257526, 91, 66.0, 18.82
1724257527, 91, 66.0, 18.74
1724257528, 90, 66.0, 18.74
1724257529, 90, 66.0, 18.74
1724257530, 89, 66.0, 18.74
1724257531, 87, 66.0, 18.74
1724257532, 86, 66.0, 18.53
1724257533, 86, 66.0, 18.74
1724257534, 86, 66.0, 18.74
1724257535, 87, 66.0, 18.74
1724257536, 87, 67.0, 18.94
1724257537, 87, 67.0, 18.94
1724257538, 86, 67.0, 18.94
1724257539, 85, 67.0, 19.05
1724257540, 84, 67.0, 19.05
1724257541, 82, 65.0, 19.05
1724257542, 80, 65.0, 19.05
1724257543, 79, 65.0, 19.06
1724257544, 79, 65.0, 19.74
1724257545, 79, 65.0, 19.74
1724257546, 80, 60.0, 19.74
1724257547, 80, 60.0, 20.19
1724257548, 80, 60.0, 20.19
1724257549, 80, 60.0, 20.19
1724257550, 80, 60.0, 20.19
1724257551, 80, 55.0, 20.05
1724257552, 80, 55.0, 20.05
1724257553, 81, 55.0, 20.19
1724257554, 82, 55.0, 20.19
1724257555, 82, 55.0, 20.19
1724257556, 82, 50.0, 20.23
1724257557, 83, 50.0, 20.23
1724257558, 84, 50.0, 20.23
1724257559, 84, 50.0, 20.23
1724257560, 85, 50.0, 20.23
1724257561, 86, 46.0, 20.23
1724257562, 87, 46.0, 20.13
1724257563, 87, 46.0, 20.13
1724257564, 86, 46.0, 20.13
1724257565, 88, 46.0, 20.12
1724257566, 89, 42.0, 20.12
1724257567, 90, 42.0, 20.12
1724257568, 92, 42.0, 20.12
1724257569, 93, 42.0, 20.12
1724257570, 93, 42.0, 20.12
1724257571, 93, 43.0, 20.12
1724257572, 92, 43.0, 20.01
1724257573, 92, 43.0, 20.01
1724257574, 92, 43.0, 20.0
1724257575, 92, 43.0, 20.0
1724257576, 92, 48.0, 20.0
1724257577, 93, 48.0, 20.0
1724257578, 93, 48.0, 19.91
1724257579, 93, 48.0, 19.91
1724257580, 93, 48.0, 19.91
1724257581, 94, 51.0, 19.73
1724257582, 93, 51.0, 19.73
1724257583, 93, 51.0, 19.73
1724257584, 92, 51.0, 19.73
1724257585, 92, 51.0, 19.85
1724257586, 94, 56.0, 19.99
1724257587, 95, 56.0, 19.99
1724257588, 96, 56.0, 20.13
1724257589, 96, 56.0, 20.13
1724257590, 96, 56.0, 20.13
1724257591, 97, 59.0, 20.13
1724257592, 99, 59.0, 20.13
1724257593, 99, 59.0, 20.03
1724257594, 99, 59.0, 20.03
1724257595, 99, 59.0, 20.03
1724257596, 99, 63.0, 19.9
1724257597, 99, 63.0, 19.9
1724257598, 98, 63.0, 19.9
1724257599, 97, 63.0, 19.81
1724257600, 96, 63.0, 19.81
1724257601, 94, 66.0, 19.81
1724257602, 93, 66.0, 19.94
1724257603, 92, 66.0, 19.94
1724257604, 92, 66.0, 19.94
1724257605, 94, 66.0, 19.94
1724257606, 94, 70.0, 19.94
1724257607, 95, 70.0, 19.94
1724257608, 93, 70.0, 19.94
1724257609, 92, 70.0, 19.67
1724257610, 90, 70.0, 19.67
1724257611, 90, 73.0, 19.67
1724257612, 89, 73.0, 19.67
1724257613, 88, 73.0, 19.57
1724257614, 88, 73.0, 19.57
1724257615, 88, 73.0, 19.57
1724257616, 89, 76.0, 19.57
1724257617, 89, 76.0, 19.57
1724257618, 89, 76.0, 19.57
1724257619, 90, 76.0, 19.57
1724257620, 89, 76.0, 19.57
1724257621, 89, 79.0, 19.57
1724257622, 89, 79.0, 19.57
1724257623, 89, 79.0, 19.37
1724257624, 89, 79.0, 19.37
1724257625, 88, 79.0, 19.44
1724257626, 87, 78.0, 19.44
1724257627, 86, 78.0, 19.44
1724257628, 86, 78.0, 19.49
1724257629, 85, 78.0, 19.49
1724257630, 85, 78.0, 19.49
1724257631, 84, 75.0, 19.49
1724257632, 84, 75.0, 19.49
1724257633, 83, 75.0, 19.49
1724257634, 83, 75.0, 19.4
1724257635, 83, 75.0, 19.4
1724257636, 83, 72.0, 19.4
1724257637, 84, 72.0, 19.4
1724257638, 86, 72.0, 19.4
1724257639, 86, 72.0, 19.4
1724257640, 85, 72.0, 19.4
1724257641, 85, 69.0, 19.4
1724257642, 85, 69.0, 19.4
1724257643, 84, 69.0, 19.4
1724257644, 84, 69.0, 19.4
1724257645, 84, 69.0, 19.3
1724257646, 83, 66.0, 19.3
1724257647, 83, 66.0, 19.3
1724257648, 82, 66.0, 19.3
1724257649, 82, 66.0, 19.3
1724257650, 82, 66.0, 19.3
1724257651, 82, 60.0, 19.3
1724257652, 82, 60.0, 19.3
1724257653, 82, 60.0, 19.3
1724257654, 82, 60.0, 19.3
1724257655, 82, 60.0, 19.19
1724257656, 82, 57.0, 19.19
1724257657, 82, 57.0, 19.06
1724257658, 82, 57.0, 19.06
1724257659, 82, 57.0, 19.06
1724257660, 83, 57.0, 19.06
1724257661, 83, 55.0, 19.06
1724257662, 83, 55.0, 19.06
1724257663, 83, 55.0, 19.06
1724257664, 83, 55.0, 19.06
1724257665, 83, 55.0, 19.06
1724257666, 83, 53.0, 16.64
1724257667, 83, 53.0, 16.64
1724257668, 83, 53.0, 16.64
1724257669, 83, 53.0, 16.64
1724257670, 83, 53.0, 16.64
1724257671, 83, 52.0, 16.64
1724257672, 83, 52.0, 16.64
1724257673, 83, 52.0, 16.64
1724257674, 83, 52.0, 16.64
1724257675, 83, 52.0, 16.64
1724257676, 82, 48.0, 14.84
1724257677, 82, 48.0, 14.84
1724257678, 82, 48.0, 14.78
1724257679, 82, 48.0, 14.78
1724257680, 82, 48.0, 14.78
1724257681, 82, 48.0, 14.78
1724257682, 82, 48.0, 14.88
1724257683, 82, 48.0, 14.88
1724257684, 82, 48.0, 14.88
1724257685, 81, 48.0, 14.91
1724257686, 81, 48.0, 14.91
1724257687, 81, 48.0, 14.91
1724257688, 80, 48.0, 14.91
1724257689, 81, 48.0, 14.97
1724257690, 82, 48.0, 14.97
1724257691, 81, 45.0, 14.97
1724257692, 81, 45.0, 15.52
1724257693, 83, 45.0, 15.52
1724257694, 84, 45.0, 15.85
1724257695, 84, 45.0, 15.85
1724257696, 84, 41.0, 15.85
1724257697, 85, 41.0, 16.03
1724257698, 85, 41.0, 16.03
1724257699, 86, 41.0, 16.03
1724257700, 86, 41.0, 16.03
1724257701, 87, 38.0, 15.99
1724257702, 86, 38.0, 15.99
1724257703, 84, 38.0, 16.14
1724257704, 84, 38.0, 16.14
1724257705, 83, 38.0, 16.14
1724257706, 77, 36.0, 16.14
1724257707, 77, 36.0, 16.23
1724257708, 79, 36.0, 16.23
1724257709, 81, 36.0, 16.54
1724257710, 82, 36.0, 16.54
1724257711, 83, 32.0, 16.54
1724257712, 84, 32.0, 16.8
1724257713, 84, 32.0, 16.8
1724257714, 83, 32.0, 16.8
1724257715, 81, 32.0, 18.1
1724257716, 77, 30.0, 18.1
1724257717, 75, 30.0, 18.1
1724257718, 72, 30.0, 18.1
1724257719, 70, 30.0, 18.1
1724257720, 61, 30.0, 18.1
1724257721, 61, 33.0, 17.97
1724257722, 60, 33.0, 17.97
1724257723, 61, 33.0, 18.02
1724257724, 62, 33.0, 18.02
1724257725, 62, 33.0, 18.02
1724257726, 64, 33.0, 18.0
1724257727, 64, 33.0, 18.0
1724257728, 65, 33.0, 18.0
1724257729, 67, 33.0, 18.0
1724257730, 68, 33.0, 18.0
1724257731, 69, 28.0, 18.0
1724257732, 70, 28.0, 17.88
1724257733, 71, 28.0, 17.88
1724257734, 72, 28.0, 17.88
1724257735, 72, 28.0, 17.95
1724257736, 73, 24.0, 17.95
1724257737, 74, 24.0, 18.05
1724257738, 74, 24.0, 18.05
1724257739, 74, 24.0, 18.05
1724257740, 73, 24.0, 18.05
1724257741, 74, 23.0, 18.05
1724257742, 76, 23.0, 18.05
1724257743, 77, 23.0, 17.9
1724257744, 78, 23.0, 17.9
1724257745, 80, 23.0, 17.9
1724257746, 81, 21.0, 17.9
1724257747, 82, 21.0, 17.9
1724257748, 83, 21.0, 17.79
1724257749, 83, 21.0, 17.91
1724257750, 84, 21.0, 17.91
1724257751, 84, 20.0, 17.91
1724257752, 84, 20.0, 17.96
1724257753, 83, 20.0, 17.96
1724257754, 83, 20.0, 17.96
1724257755, 82, 20.0, 17.96
1724257756, 81, 20.0, 17.96
1724257757, 81, 20.0, 17.96
1724257758, 84, 20.0, 17.96
1724257759, 87, 20.0, 18.04
1724257760, 88, 20.0, 18.04
1724257761, 88, 22.0, 18.46
1724257762, 88, 22.0, 18.46
1724257763, 88, 22.0, 18.46
1724257764, 89, 22.0, 18.46
1724257765, 89, 22.0, 18.46
1724257766, 89, 24.0, 18.25
1724257767, 88, 24.0, 18.25
1724257768, 86, 24.0, 18.39
1724257769, 84, 24.0, 18.39
1724257770, 81, 24.0, 18.39
1724257771, 80, 33.0, 18.39
1724257772, 80, 33.0, 18.39
1724257773, 80, 33.0, 18.28
1724257774, 79, 33.0, 18.28
1724257775, 78, 33.0, 18.37
1724257776, 78, 39.0, 18.37
1724257777, 78, 39.0, 18.37
1724257778, 76, 39.0, 18.52
1724257779, 75, 39.0, 18.52
1724257780, 73, 39.0, 18.68
1724257781, 72, 39.0, 18.68
1724257782, 72, 39.0, 18.68
1724257783, 73, 39.0, 18.68
1724257784, 73, 39.0, 18.68
1724257785, 74, 39.0, 18.68
1724257786, 74, 38.0, 18.54
1724257787, 74, 38.0, 18.54
1724257788, 74, 38.0, 18.54
1724257789, 74, 38.0, 18.54
1724257790, 74, 38.0, 18.55
1724257791, 74, 37.0, 18.55
1724257792, 75, 37.0, 18.61
1724257793, 76, 37.0, 18.61
1724257794, 76, 37.0, 18.71
1724257795, 78, 37.0, 18.71
1724257796, 77, 34.0, 18.71
1724257797, 77, 34.0, 18.71
1724257798, 78, 34.0, 18.75
1724257799, 79, 34.0, 18.75
1724257800, 82, 34.0, 18.75
1724257801, 84, 26.0, 18.75
1724257802, 85, 26.0, 18.5
1724257803, 85, 26.0, 18.5
1724257804, 84, 26.0, 18.5
1724257805, 84, 26.0, 18.59
1724257806, 83, 25.0, 18.59
1724257807, 82, 25.0, 18.59
1724257808, 82, 25.0, 18.59
1724257809, 82, 25.0, 18.6
1724257810, 82, 25.0, 18.6
1724257811, 82, 25.0, 18.74
1724257812, 81, 25.0, 18.74
1724257813, 81, 25.0, 18.74
1724257814, 81, 25.0, 18.74
1724257815, 81, 25.0, 18.66
1724257816, 80, 25.0, 18.66
1724257817, 80, 25.0, 19.01
1724257818, 80, 25.0, 19.01
1724257819, 80, 25.0, 19.01
1724257820, 79, 25.0, 19.27
1724257821, 79, 25.0, 19.27
1724257822, 78, 25.0, 19.27
1724257823, 78, 25.0, 19.27
1724257824, 77, 25.0, 19.27
1724257825, 77, 25.0, 19.27
1724257826, 76, 28.0, 19.27
1724257827, 77, 28.0, 19.27
1724257828, 77, 28.0, 19.27
1724257829, 77, 28.0, 19.27
1724257830, 77, 28.0, 19.27
1724257831, 77, 32.0, 19.14
1724257832, 77, 32.0, 19.14
1724257833, 76, 32.0, 19.14
1724257834, 76, 32.0, 19.17
1724257835, 75, 32.0, 19.17
1724257836, 74, NaN, 19.17
1724257837, 73, NaN, 19.15
1724257838, 71, NaN, 19.15
1724257839, 72, NaN, 19.15
1724257840, 75, NaN, 19.15
1724257841, 78, 33.0, 19.15
1724257842, 78, 33.0, 19.13
1724257843, 80, 33.0, 19.17
1724257844, 79, 33.0, 19.17
1724257845, 79, 33.0, 19.17
1724257846, 79, 34.0, 19.17
1724257847, 79, 34.0, 19.13
1724257848, 78, 34.0, 19.13
1724257849, 77, 34.0, 19.47
1724257850, 76, 34.0, 19.47
1724257851, 75, 36.0, 19.47
1724257852, 74, 36.0, 19.47
1724257853, 74, 36.0, 19.47
1724257854, 74, 36.0, 19.23
1724257855, 74, 36.0, 19.23
1724257856, 75, NaN, 19.23
1724257857, 76, NaN, 19.28
1724257858, 77, NaN, 19.28
1724257859, 79, NaN, 19.28
1724257860, 79, NaN, 19.3
1724257861, 79, 34.0, 19.3
1724257862, 79, 34.0, 19.3
1724257863, 78, 34.0, 19.39
1724257864, 77, 34.0, 19.39
1724257865, 77, 34.0, 19.47
1724257866, 76, 33.0, 19.47
1724257867, 75, 33.0, 19.47
1724257868, 75, 33.0, 19.47
1724257869, 74, 33.0, 19.22
1724257870, 75, 33.0, 19.22
1724257871, 74, 32.0, 19.48
1724257872, 74, 32.0, 19.48
1724257873, 74, 32.0, 19.48
1724257874, 74, 32.0, 19.59
1724257875, 74, 32.0, 19.59
1724257876, 74, 26.0, 19.59
1724257877, 75, 26.0, 19.59
1724257878, 75, 26.0, 19.52
1724257879, 75, 26.0, 19.52
1724257880, 75, 26.0, 19.52
1724257881, 75, 25.0, 19.48
1724257882, 75, 25.0, 19.48
1724257883, 75, 25.0, 19.48
1724257884, 75, 25.0, 19.48
1724257885, 75, 25.0, 19.42
1724257886, 75, 25.0, 19.42
1724257887, 75, 25.0, 19.42
1724257888, 75, 25.0, 19.49
1724257889, 76, 25.0, 19.49
1724257890, 78, 25.0, 19.49
1724257891, 79, NaN, 19.66
1724257892, 79, NaN, 19.66
1724257893, 79, NaN, 19.66
1724257894, 79, NaN, 19.41
1724257895, 80, NaN, 19.41
1724257896, 80, 25.0, 19.6
1724257897, 80, 25.0, 19.6
1724257898, 78, 25.0, 19.6
1724257899, 78, 25.0, 19.6
1724257900, 78, 25.0, 19.6
1724257901, 77, 27.0, 19.6
1724257902, 77, 27.0, 19.48
1724257903, 79, 27.0, 19.48
1724257904, 81, 27.0, 19.48
1724257905, 82, 27.0, 19.48
1724257906, 84, 35.0, 19.54
1724257907, 84, 35.0, 19.54
1724257908, 85, 35.0, 19.54
1724257909, 85, 35.0, 19.54
1724257910, 85, 35.0, 19.54
1724257911, 85, 41.0, 19.45
1724257912, 85, 41.0, 19.45
1724257913, 86, 41.0, 19.45
1724257914, 86, 41.0, 19.45
1724257915, 87, 41.0, 19.45
1724257916, 87, 48.0, 19.45
1724257917, 88, 48.0, 19.45
1724257918, 88, 48.0, 19.36
1724257919, 88, 48.0, 19.36
1724257920, 88, 48.0, 19.36
1724257921, 89, 51.0, 19.36
1724257922, 90, 51.0, 19.36
1724257923, 92, 51.0, 19.27
1724257924, 91, 51.0, 19.35
1724257925, 89, 51.0, 19.35
1724257926, 86, 57.0, 19.35
1724257927, 84, 57.0, 19.35
1724257928, 83, 57.0, 19.32
1724257929, 81, 57.0, 19.32
1724257930, 80, 57.0, 19.32
1724257931, 78, 61.0, 19.32
1724257932, 78, 61.0, 19.32
1724257933, 78, 61.0, 19.26
1724257934, 78, 61.0, 19.26
1724257935, 80, 61.0, 19.26
1724257936, 81, 63.0, 19.26
1724257937, 81, 63.0, 19.19
1724257938, 82, 63.0, 19.19
1724257939, 82, 63.0, 19.19
1724257940, 84, 63.0, 19.19
1724257941, 90, 61.0, 19.19
1724257942, 91, 61.0, 19.4
1724257943, 92, 61.0, 19.4
1724257944, 95, 61.0, 19.4
1724257945, 95, 61.0, 19.51
1724257946, 95, 60.0, 19.51
1724257947, 94, 60.0, 19.51
1724257948, 90, 60.0, 19.51
1724257949, 85, 60.0, 19.26
1724257950, 83, 60.0, 19.26
1724257951, 84, 57.0, 19.26
1724257952, 86, 57.0, 19.26
1724257953, 89, 57.0, 19.26
1724257954, 90, 57.0, 19.05
1724257955, 91, 57.0, 19.05
1724257956, 91, 54.0, 19.05
1724257957, 91, 54.0, 19.05
1724257958, 92, 54.0, 18.92
1724257959, 92, 54.0, 18.92
1724257960, 93, 54.0, 18.92
1724257961, 94, 51.0, 18.92
1724257962, 95, 51.0, 18.92
1724257963, 93, 51.0, 18.92
1724257964, 93, 51.0, 18.59
1724257965, 92, 51.0, 18.59
1724257966, 90, 51.0, 18.59
1724257967, 88, 51.0, 18.7
1724257968, 88, 51.0, 18.7
1724257969, 87, 51.0, 18.7
1724257970, 86, 51.0, 18.7
1724257971, 85, 54.0, 18.7
1724257972, 85, 54.0, 18.7
1724257973, 87, 54.0, 18.42
1724257974, 86, 54.0, 18.42
1724257975, 85, 54.0, 18.42
1724257976, 84, 54.0, 18.48
1724257977, 83, 54.0, 18.48
1724257978, 83, 54.0, 18.48
1724257979, 82, 54.0, 18.48
1724257980, 82, 54.0, 18.48
1724257981, 81, 55.0, 18.48
1724257982, 81, 55.0, 18.48
1724257983, 82, 55.0, 18.48
1724257984, 84, 55.0, 18.48
1724257985, 86, 55.0, 18.29
1724257986, 85, 54.0, 18.29
1724257987, 88, 54.0, 18.29
1724257988, 90, 54.0, 18.29
1724257989, 92, 54.0, 18.29
1724257990, 95, 54.0, 18.29
1724257991, 95, 55.0, 18.14
1724257992, 95, 55.0, 18.14
1724257993, 94, 55.0, 18.14
1724257994, 94, 55.0, 18.14
1724257995, 94, 55.0, 18.14
1724257996, 93, 56.0, 18.14
1724257997, 92, 56.0, 18.14
1724257998, 92, 56.0, 17.9
1724257999, 90, 56.0, 17.9
1724258000, 90, 56.0, 17.9
1724258001, 89, 54.0, 17.9
1724258002, 89, 54.0, 17.9
1724258003, 89, 54.0, 17.9
1724258004, 88, 54.0, 17.9
1724258005, 88, 54.0, 17.97
1724258006, 88, 56.0, 17.97
1724258007, 88, 56.0, 18.04
1724258008, 87, 56.0, 18.04
1724258009, 87, 56.0, 18.04
1724258010, 87, 56.0, 18.04
1724258011, 87, 58.0, 18.04
1724258012, 86, 58.0, 17.94
1724258013, 86, 58.0, 17.94
1724258014, 86, 58.0, 17.94
1724258015, 86, 58.0, 17.94
1724258016, 86, 62.0, 17.94
1724258017, 86, 62.0, 17.94
1724258018, 86, 62.0, 17.94
1724258019, 86, 62.0, 17.94
1724258020, 86, 62.0, 17.94
1724258021, 85, 64.0, 17.94
1724258022, 85, 64.0, 17.71
1724258023, 85, 64.0, 17.71
1724258024, 85, 64.0, 17.71
1724258025, 85, 64.0, 17.71
1724258026, 86, 65.0, 17.7
1724258027, 86, 65.0, 17.7
1724258028, 87, 65.0, 17.7
1724258029, 87, 65.0, 17.7
1724258030, 87, 65.0, 17.56
1724258031, 87, 67.0, 17.56
1724258032, 87, 67.0, 17.56
1724258033, 87, 67.0, 17.56
1724258034, 88, 67.0, 17.56
1724258035, 88, 67.0, 17.56
1724258036, 88, 67.0, 17.56
1724258037, 88, 67.0, 17.56
1724258038, 88, 67.0, 17.56
1724258039, 87, 67.0, 17.56
1724258040, 87, 67.0, 17.56
1724258041, 86, 67.0, 17.56
1724258042, 86, 67.0, 17.56
1724258043, 84, 67.0, 17.56
1724258044, 84, 67.0, 17.56
1724258045, 84, 67.0, 17.56
1724258046, 84, 66.0, 17.56
1724258047, 84, 66.0, 17.13
1724258048, 84, 66.0, 17.13
1724258049, 84, 66.0, 17.13
1724258050, 84, 66.0, 17.13
1724258051, 84, 66.0, 17.13
1724258052, 83, 66.0, 17.13
1724258053, 83, 66.0, 17.13
1724258054, 83, 66.0, 17.13
1724258055, 83, 66.0, 17.13
1724258056, 83, 66.0, 17.13
1724258057, 83, 66.0, 16.74
1724258058, 83, 66.0, 16.74
1724258059, 83, 66.0, 16.74
1724258060, 84, 66.0, 16.74
1724258061, 84, 63.0, 16.74
1724258062, 84, 63.0, 16.74
1724258063, 84, 63.0, 16.74
1724258064, 82, 63.0, 16.74
1724258065, 81, 63.0, 16.74
1724258066, 79, 63.0, 16.74
1724258067, 78, 63.0, 16.35
1724258068, 79, 63.0, 16.47
1724258069, 80, 63.0, 16.47
1724258070, 82, 63.0, 16.47
1724258071, 82, 57.0, 16.47
1724258072, 82, 57.0, 16.47
1724258073, 81, 57.0, 16.47
1724258074, 81, 57.0, 16.47
1724258075, 81, 57.0, 16.47
1724258076, 81, 54.0, 16.47
1724258077, 80, 54.0, 16.41
1724258078, 80, 54.0, 16.41
1724258079, 80, 54.0, 16.41
1724258080, 80, 54.0, 16.41
1724258081, 83, 51.0, 16.41
1724258082, 84, 51.0, 16.41
1724258083, 87, 51.0, 16.28
1724258084, 88, 51.0, 16.28
1724258085, 88, 51.0, 16.28
1724258086, 89, 51.0, 16.31
1724258087, 89, 51.0, 16.31
1724258088, 88, 51.0, 16.31
1724258089, 89, 51.0, 16.31
1724258090, 89, 51.0, 16.31
1724258091, 89, 54.0, 16.2
1724258092, 89, 54.0, 16.2
1724258093, 89, 54.0, 16.39
1724258094, 89, 54.0, 16.39
1724258095, 88, 54.0, 16.39
1724258096, 88, 55.0, 16.39
1724258097, 88, 55.0, 16.39
1724258098, 89, 55.0, 16.39
1724258099, 88, 55.0, 16.39
1724258100, 88, 55.0, 16.39
1724258101, 88, 61.0, 16.31
1724258102, 88, 61.0, 16.31
1724258103, 88, 61.0, 16.31
1724258104, 88, 61.0, 16.31
1724258105, 88, 61.0, 16.31
1724258106, 88, 59.0, 16.31
1724258107, 88, 59.0, 16.31
1724258108, 88, 59.0, 16.31
1724258109, 87, 59.0, 16.31
1724258110, 87, 59.0, 16.15
1724258111, 87, 58.0, 16.15
1724258112, 87, 58.0, 16.15
1724258113, 87, 58.0, 16.15
1724258114, 88, 58.0, 16.15
1724258115, 90, 58.0, 16.06
1724258116, 91, 59.0, 16.06
1724258117, 93, 59.0, 16.06
1724258118, 93, 59.0, 16.06
1724258119, 93, 59.0, 16.09
1724258120, 93, 59.0, 16.09
1724258121, 93, 59.0, 16.09
1724258122, 93, 59.0, 16.25
1724258123, 94, 59.0, 16.25
1724258124, 94, 59.0, 16.42
1724258125, 95, 59.0, 16.42
1724258126, 95, 60.0, 16.42
1724258127, 93, 60.0, 16.42
1724258128, 90, 60.0, 16.42
1724258129, 87, 60.0, 16.51
1724258130, 82, 60.0, 16.51
1724258131, 80, 62.0, 16.44
1724258132, 79, 62.0, 16.44
1724258133, 79, 62.0, 16.68
1724258134, 80, 62.0, 16.68
1724258135, 80, 62.0, 16.68
1724258136, 81, 63.0, 16.68
1724258137, 81, 63.0, 16.68
1724258138, 81, 63.0, 16.59
1724258139, 82, 63.0, 16.59
1724258140, 82, 63.0, 17.09
1724258141, 82, 61.0, 17.09
1724258142, 83, 61.0, 17.09
1724258143, 83, 61.0, 17.44
1724258144, 83, 61.0, 17.44
1724258145, 84, 61.0, 17.44
1724258146, 84, 54.0, 17.55
1724258147, 84, 54.0, 17.55
1724258148, 84, 54.0, 17.86
1724258149, 84, 54.0, 17.86
1724258150, 84, 54.0, 17.86
1724258151, 85, 47.0, 17.86
1724258152, 86, 47.0, 17.86
1724258153, 87, 47.0, 17.86
1724258154, 88, 47.0, 17.86
1724258155, 89, 47.0, 17.69
1724258156, 90, 39.0, 17.69
1724258157, 91, 39.0, 17.66
1724258158, 93, 39.0, 17.66
1724258159, 95, 39.0, 17.66
1724258160, 98, 39.0, 17.66
1724258161, 101, 32.0, 17.66
1724258162, 103, 32.0, 17.57
1724258163, 104, 32.0, 17.57
1724258164, 104, 32.0, 17.57
1724258165, 102, 32.0, 17.57
1724258166, 101, 41.0, 17.57
1724258167, 97, 41.0, 17.37
1724258168, 95, 41.0, 17.37
1724258169, 95, 41.0, 17.37
1724258170, 95, 41.0, 17.13
1724258171, 95, 48.0, 17.13
1724258172, 95, 48.0, 17.13
1724258173, 95, 48.0, 17.13
1724258174, 95, 48.0, 17.13
1724258175, 94, 48.0, 16.48
1724258176, 94, 57.0, 16.48
1724258177, 93, 57.0, 16.48
1724258178, 93, 57.0, 16.48
1724258179, 93, 57.0, 16.48
1724258180, 94, 57.0, 16.36
1724258181, 94, 64.0, 16.36
1724258182, 93, 64.0, 16.55
1724258183, 94, 64.0, 16.55
1724258184, 94, 64.0, 16.72
1724258185, 92, 64.0, 16.72
1724258186, 91, 69.0, 16.72
1724258187, 88, 69.0, 16.72
1724258188, 85, 69.0, 16.72
1724258189, 84, 69.0, 16.72
1724258190, 82, 69.0, 16.61
1724258191, 80, 75.0, 16.61
1724258192, 79, 75.0, 16.61
1724258193, 79, 75.0, 16.61
1724258194, 80, 75.0, 16.61
1724258195, 82, 75.0, 16.61
1724258196, 86, 69.0, 16.61
1724258197, 87, 69.0, 16.48
1724258198, 88, 69.0, 16.48
1724258199, 89, 69.0, 16.48
1724258200, 89, 69.0, 16.48
1724258201, 90, 60.0, 16.49
1724258202, 91, 60.0, 16.49
1724258203, 92, 60.0, 16.49
1724258204, 93, 60.0, 16.55
1724258205, 92, 60.0, 16.55
1724258206, 90, 54.0, 16.66
1724258207, 88, 54.0, 16.66
1724258208, 93, 54.0, 16.66
1724258209, 99, 54.0, 16.8
1724258210, 102, 54.0, 16.8
1724258211, 104, 49.0, 16.8
1724258212, 107, 49.0, 17.11
1724258213, 111, 49.0, 17.11
1724258214, 114, 49.0, 17.11
1724258215, 114, 49.0, 18.18
1724258216, 114, 47.0, 18.18
1724258217, 113, 47.0, 18.18
1724258218, 110, 47.0, 18.18
1724258219, 108, 47.0, 18.18
1724258220, 111, 47.0, 18.18
1724258221, 115, 49.0, 18.18
1724258222, 116, 49.0, 18.18
1724258223, 114, 49.0, 18.18
1724258224, 114, 49.0, 18.18
1724258225, 114, 54.0, 18.18
1724258226, 115, 54.0, 18.18
1724258227, 115, 54.0, 18.18
1724258228, 114, 54.0, 18.03
1724258229, 113, 54.0, 18.03
1724258230, 111, 54.0, 18.03
1724258231, 110, 63.0, 18.03
1724258232, 108, 63.0, 18.03
1724258233, 107, 63.0, 18.03
1724258234, 107, 63.0, 18.03
1724258235, 106, 63.0, 18.03
1724258236, 105, 72.0, 18.03
1724258237, 104, 72.0, 18.03
1724258238, 103, 72.0, 18.03
1724258239, 102, 72.0, 18.03
1724258240, 100, 72.0, 18.03
1724258241, 99, 80.0, 18.03
1724258242, 96, 80.0, 17.92
1724258243, 94, 80.0, 17.92
1724258244, 93, 80.0, 17.92
1724258245, 92, 80.0, 17.87
1724258246, 91, 86.0, 17.87
1724258247, 90, 86.0, 17.87
1724258248, 89, 86.0, 17.87
1724258249, 89, 86.0, 17.87
1724258250, 88, 86.0, 17.87
1724258251, 87, 85.0, 17.87
1724258252, 87, 85.0, 17.68
1724258253, 87, 85.0, 17.68
1724258254, 86, 85.0, 17.68
1724258255, 86, 85.0, 17.68
1724258256, 85, 81.0, 17.68
1724258257, 84, 81.0, 17.38
1724258258, 84, 81.0, 17.38
1724258259, 84, 81.0, 17.38
1724258260, 83, 81.0, 17.21
1724258261, 83, 77.0, 17.21
1724258262, 83, 77.0, 17.21
1724258263, 83, 77.0, 17.21
1724258264, 83, 77.0, 17.31
1724258265, 83, 77.0, 17.31
1724258266, 83, 71.0, 17.45
1724258267, 82, 71.0, 17.45
1724258268, 82, 71.0, 17.45
1724258269, 82, 71.0, 17.45
1724258270, 83, 71.0, 17.45
1724258271, 83, 65.0, 17.45
1724258272, 83, 65.0, 17.33
1724258273, 83, 65.0, 17.33
1724258274, 83, 65.0, 17.33
1724258275, 83, 65.0, 17.33
1724258276, 84, 60.0, 17.33
1724258277, 85, 60.0, 17.33
1724258278, 87, 60.0, 17.43
1724258279, 90, 60.0, 17.43
1724258280, 95, 60.0, 17.43
1724258281, 98, 57.0, 17.43
1724258282, 99, 57.0, 17.39
1724258283, 100, 57.0, 17.39
1724258284, 100, 57.0, 17.54
1724258285, 100, 57.0, 17.54
1724258286, 100, 53.0, 17.7
1724258287, 100, 53.0, 17.7
1724258288, 99, 53.0, 17.7
1724258289, 97, 53.0, 17.79
1724258290, 96, 53.0, 17.79
1724258291, 94, 48.0, 17.79
1724258292, 93, 48.0, 17.92
1724258293, 91, 48.0, 17.92
1724258294, 91, 48.0, 18.45
1724258295, 90, 48.0, 18.45
1724258296, 89, 46.0, 18.45
1724258297, 88, 46.0, 18.72
1724258298, 87, 46.0, 18.72
1724258299, 86, 46.0, 18.72
1724258300, 86, 46.0, 19.57
1724258301, 86, 47.0, 19.57
1724258302, 86, 47.0, 20.08
1724258303, 86, 47.0, 20.08
1724258304, 86, 47.0, 20.08
1724258305, 86, 47.0, 20.04
1724258306, 86, 46.0, 20.04
1724258307, 87, 46.0, 20.04
1724258308, 86, 46.0, 20.04
1724258309, 86, 46.0, 20.21
1724258310, 88, 46.0, 20.21
1724258311, 90, 46.0, 20.22
1724258312, 92, 46.0, 20.22
1724258313, 94, 46.0, 20.22
1724258314, 94, 46.0, 20.13
1724258315, 95, 46.0, 20.13
1724258316, 97, 51.0, 20.13
1724258317, 98, 51.0, 20.2
1724258318, 98, 51.0, 20.2
1724258319, 99, 51.0, 20.2
1724258320, 99, 51.0, 20.24
1724258321, 100, 57.0, 20.24
1724258322, 100, 57.0, 20.24
1724258323, 99, 57.0, 20.24
1724258324, 100, 57.0, 20.03
1724258325, 100, 57.0, 20.03
1724258326, 101, 62.0, 20.03
1724258327, 102, 62.0, 19.93
1724258328, 102, 62.0, 19.93
1724258329, 101, 62.0, 20.14
1724258330, 100, 62.0, 20.14
1724258331, 101, 66.0, 20.14
1724258332, 104, 66.0, 20.22
1724258333, 103, 66.0, 20.22
1724258334, 100, 66.0, 20.22
1724258335, 101, 66.0, 20.22
1724258336, 100, 66.0, 20.23
1724258337, 98, 66.0, 20.23
1724258338, 98, 66.0, 20.23
1724258339, 99, 66.0, 20.23
1724258340, 100, 66.0, 20.23
1724258341, 101, 68.0, 20.0
1724258342, 101, 68.0, 19.84
1724258343, 100, 68.0, 19.84
1724258344, 99, 68.0, 19.84
1724258345, 98, 68.0, 19.84
1724258346, 98, 69.0, 19.84
1724258347, 98, 69.0, 19.84
1724258348, 97, 69.0, 19.84
1724258349, 99, 69.0, 19.84
1724258350, 102, 69.0, 19.84
1724258351, 103, 70.0, 19.84
1724258352, 104, 70.0, 19.65
1724258353, 105, 70.0, 19.65
1724258354, 105, 70.0, 19.65
1724258355, 106, 70.0, 19.65
1724258356, 106, 69.0, 19.61
1724258357, 107, 69.0, 19.61
1724258358, 107, 69.0, 19.61
1724258359, 108, 69.0, 19.61
1724258360, 108, 69.0, 19.61
1724258361, 108, 71.0, 19.61
1724258362, 108, 71.0, 19.61
1724258363, 108, 71.0, 19.61
1724258364, 108, 71.0, 19.37
1724258365, 108, 71.0, 19.37
1724258366, 108, 74.0, 19.35
1724258367, 107, 74.0, 19.35
1724258368, 106, 74.0, 19.35
1724258369, 105, 74.0, 19.35
1724258370, 105, 74.0, 19.35
1724258371, 103, 78.0, 19.19
1724258372, 104, 78.0, 19.19
1724258373, 104, 78.0, 19.19
1724258374, 104, 78.0, 19.19
1724258375, 104, 78.0, 19.19
1724258376, 105, 81.0, 19.26
1724258377, 104, 81.0, 19.2
1724258378, 104, 81.0, 19.2
1724258379, 102, 81.0, 19.33
1724258380, 102, 81.0, 19.33
1724258381, 102, 83.0, 19.33
1724258382, 102, 83.0, 19.33
1724258383, 101, 83.0, 19.33
1724258384, 101, 83.0, 19.33
1724258385, 100, 83.0, 19.33
1724258386, 99, 85.0, 19.33
1724258387, 98, 85.0, 19.33
1724258388, 97, 85.0, 19.33
1724258389, 96, 85.0, 19.33
1724258390, 95, 85.0, 19.23
1724258391, 94, 84.0, 19.25
1724258392, 93, 84.0, 19.25
1724258393, 92, 84.0, 19.25
1724258394, 91, 84.0, 19.22
1724258395, 91, 84.0, 19.22
1724258396, 90, 84.0, 19.22
1724258397, 90, 84.0, 19.22
1724258398, 90, 84.0, 19.22
1724258399, 89, 84.0, 19.22
1724258400, 89, 84.0, 19.2
1724258401, 89, 81.0, 19.2
1724258402, 89, 81.0, 19.2
1724258403, 88, 81.0, 19.2
1724258404, 88, 81.0, 19.2
1724258405, 88, 81.0, 19.2
1724258406, 88, 78.0, 19.2
1724258407, 88, 78.0, 19.2
1724258408, 88, 78.0, 18.99
1724258409, 88, 78.0, 18.99
1724258410, 88, 78.0, 18.99
1724258411, 88, 75.0, 18.99
1724258412, 87, 75.0, 18.99
1724258413, 87, 75.0, 18.99
1724258414, 86, 75.0, 18.99
1724258415, 86, 75.0, 18.99
1724258416, 85, 72.0, 18.99
1724258417, 83, 72.0, 18.99
1724258418, 82, 72.0, 18.79
1724258419, 82, 72.0, 18.79
1724258420, 82, 72.0, 18.79
1724258421, 82, 69.0, 18.79
1724258422, 82, 69.0, 18.68
1724258423, 82, 69.0, 18.68
1724258424, 81, 69.0, 18.68
1724258425, 81, 69.0, 18.67
1724258426, 81, 64.0, 18.67
1724258427, 81, 64.0, 18.67
1724258428, 81, 64.0, 18.67
1724258429, 80, 64.0, 18.67
1724258430, 80, 64.0, 18.67
1724258431, 80, 60.0, 18.67
1724258432, 79, 60.0, 18.7
1724258433, 79, 60.0, 18.7
1724258434, 79, 60.0, 18.51
1724258435, 80, 60.0, 18.51
1724258436, 80, 54.0, 18.51
1724258437, 80, 54.0, 18.6
1724258438, 80, 54.0, 18.6
1724258439, 79, 54.0, 18.6
1724258440, 78, 54.0, 18.7
1724258441, 78, 48.0, 18.7
1724258442, 77, 48.0, 18.87
1724258443, 77, 48.0, 18.87
1724258444, 77, 48.0, 18.87
1724258445, 77, 48.0, 18.87
1724258446, 77, 42.0, 18.78
1724258447, 76, 42.0, 18.78
1724258448, 75, 42.0, 18.78
1724258449, 75, 42.0, 18.81
1724258450, 75, 42.0, 18.81
1724258451, 75, NaN, 18.81
1724258452, 76, NaN, 18.81
1724258453, 76, NaN, 18.81
1724258454, 77, NaN, 18.81
1724258455, 77, NaN, 18.81
1724258456, 79, NaN, 18.81
1724258457, 81, NaN, 18.81
1724258458, 83, NaN, 18.81
1724258459, 83, NaN, 18.81
1724258460, 84, NaN, 18.81
1724258461, 82, 40.0, 18.81
1724258462, 80, 40.0, 18.81
1724258463, 78, 40.0, 18.81
1724258464, 78, 40.0, 18.63
1724258465, 78, 40.0, 18.63
1724258466, 78, 39.0, 18.62
1724258467, 78, 39.0, 18.62
1724258468, 78, 39.0, 18.62
1724258469, 78, 39.0, 18.62
1724258470, 78, 39.0, 18.62
1724258471, 78, 37.0, 18.62
1724258472, 78, 37.0, 18.42
1724258473, 78, 37.0, 18.42
1724258474, 78, 37.0, 18.48
1724258475, 78, 37.0, 18.48
1724258476, 78, 38.0, NaN
1724258477, NaN, 38.0, NaN
1724258478, NaN, 38.0, NaN
1724258479, NaN, 38.0, NaN
