Timestamp, HR(bpm), Stress(ms), Resp(brpm)
1724314358, 71, 16.0, 14.6
1724314359, 71, 16.0, NaN
1724314360, 72, 16.0, NaN
1724314361, 73, 16.0, NaN
1724314362, 75, 16.0, NaN
1724314363, 75, 16.0, NaN
1724314364, 78, 16.0, NaN
1724314365, 78, 16.0, NaN
1724314366, 78, 16.0, NaN
1724314367, 81, 16.0, NaN
1724314368, 81, 16.0, NaN
1724314369, 82, 16.0, NaN
1724314370, 82, 16.0, NaN
1724314371, 81, 16.0, NaN
1724314372, 81, 16.0, NaN
1724314373, 80, 16.0, NaN
1724314374, 79, 16.0, NaN
1724314375, 79, 16.0, NaN
1724314376, 79, 16.0, 12.08
1724314377, 79, 16.0, 12.08
1724314378, 78, 16.0, 12.08
1724314379, 78, 16.0, 12.08
1724314380, 78, 36.0, 12.08
1724314381, 78, 36.0, 12.08
1724314382, 78, 36.0, 12.08
1724314383, 77, 36.0, 12.08
1724314384, 77, 36.0, 12.08
1724314385, 77, 36.0, 12.08
1724314386, 77, 36.0, 12.08
1724314387, 77, 36.0, 12.08
1724314388, 77, 36.0, 12.02
1724314389, 78, 36.0, 12.02
1724314390, 77, 34.0, 12.02
1724314391, 77, 34.0, 12.02
1724314392, 77, 34.0, 12.03
1724314393, 78, 34.0, 12.03
1724314394, 78, 34.0, 12.09
1724314395, 79, 33.0, 12.09
1724314396, 79, 33.0, 12.09
1724314397, 80, 33.0, 12.09
1724314398, 80, 33.0, 12.1
1724314399, 80, 33.0, 12.1
1724314400, 80, 32.0, 12.1
1724314401, 80, 32.0, 12.1
1724314402, 80, 32.0, 12.14
1724314403, 79, 32.0, 12.14
1724314404, 79, 32.0, 12.14
1724314405, 78, 33.0, 12.17
1724314406, 78, 33.0, 12.17
1724314407, 78, 33.0, 12.17
1724314408, 77, 33.0, 12.17
1724314409, 77, 33.0, 12.17
1724314410, 76, 33.0, 12.17
1724314411, 76, 33.0, 12.15
1724314412, 76, 33.0, 12.15
1724314413, 76, 33.0, 12.15
1724314414, 76, 33.0, 12.15
1724314415, 76, NaN, 12.2
1724314416, 76, NaN, 12.2
1724314417, 76, NaN, 12.2
1724314418, 76, NaN, 12.2
1724314419, 76, NaN, 12.29
1724314420, 77, NaN, 12.29
1724314421, 77, NaN, 12.29
1724314422, 77, NaN, 12.47
1724314423, 78, NaN, 12.47
1724314424, 80, NaN, 12.47
1724314425, 81, 33.0, 12.59
1724314426, 81, 33.0, 12.59
1724314427, 81, 33.0, 12.59
1724314428, 81, 33.0, 12.59
1724314429, 81, 33.0, 12.59
1724314430, 80, 30.0, 13.14
1724314431, 80, 30.0, 13.7
1724314432, 80, 30.0, 13.7
1724314433, 80, 30.0, 13.7
1724314434, 80, 30.0, 14.46
1724314435, 80, 24.0, 14.46
1724314436, 80, 24.0, 14.46
1724314437, 81, 24.0, 14.46
1724314438, 81, 24.0, 14.49
1724314439, 81, 24.0, 14.49
1724314440, 81, 24.0, 14.49
1724314441, 80, 24.0, 14.77
1724314442, 79, 24.0, 14.77
1724314443, 78, 24.0, 14.77
1724314444, 77, 24.0, 14.77
1724314445, 75, 25.0, 14.76
1724314446, 75, 25.0, 14.76
1724314447, 74, 25.0, 14.76
1724314448, 74, 25.0, 14.76
1724314449, 74, 25.0, 14.76
1724314450, 74, NaN, 14.76
1724314451, 74, NaN, 14.76
1724314452, 74, NaN, 14.76
1724314453, 75, NaN, 14.76
1724314454, 78, NaN, 14.76
1724314455, 82, NaN, 14.76
1724314456, 83, NaN, 14.76
1724314457, 83, NaN, 14.67
1724314458, 83, NaN, 14.67
1724314459, 82, NaN, 14.67
1724314460, 80, 32.0, 14.67
1724314461, 79, 32.0, 14.67
1724314462, 78, 32.0, 14.67
1724314463, 78, 32.0, 14.67
1724314464, 79, 32.0, 14.67
1724314465, 79, 38.0, 14.58
1724314466, 78, 38.0, 14.58
1724314467, 78, 38.0, 14.58
1724314468, 78, 38.0, 14.58
1724314469, 78, 38.0, 14.63
1724314470, 78, 32.0, 14.63
1724314471, 77, 32.0, 14.63
1724314472, 77, 32.0, 14.63
1724314473, 77, 32.0, 14.56
1724314474, 77, 32.0, 14.56
1724314475, 77, 24.0, 14.56
1724314476, 77, 24.0, 14.56
1724314477, 76, 24.0, 14.56
1724314478, 76, 24.0, 14.56
1724314479, 76, 24.0, 14.56
1724314480, 76, 23.0, 14.56
1724314481, 75, 23.0, 14.56
1724314482, 75, 23.0, 14.51
1724314483, 75, 23.0, 14.51
1724314484, 74, 23.0, 14.51
1724314485, 74, NaN, 14.63
1724314486, 73, NaN, 14.63
1724314487, 73, NaN, 14.63
1724314488, 73, NaN, 14.63
1724314489, 74, NaN, 14.71
1724314490, 74, NaN, 14.71
1724314491, 75, NaN, 14.71
1724314492, 75, NaN, 14.98
1724314493, 76, NaN, 14.98
1724314494, 77, NaN, 14.98
1724314495, 78, NaN, 14.98
1724314496, 78, NaN, 14.92
1724314497, 77, NaN, 14.92
1724314498, 77, NaN, 14.92
1724314499, 77, NaN, 15.28
1724314500, 77, 21.0, 15.28
1724314501, 77, 21.0, 15.28
1724314502, 78, 21.0, 15.28
1724314503, 78, 21.0, 15.28
1724314504, 78, 21.0, 15.24
1724314505, 78, 24.0, 15.24
1724314506, 78, 24.0, 15.24
1724314507, 78, 24.0, 15.37
1724314508, 78, 24.0, 15.37
1724314509, 78, 24.0, 15.59
1724314510, 78, 31.0, 15.59
1724314511, 78, 31.0, 15.59
1724314512, 78, 31.0, 15.87
1724314513, 78, 31.0, 15.87
1724314514, 78, 31.0, 15.87
1724314515, 78, 31.0, 15.87
1724314516, 78, 31.0, 15.87
1724314517, 77, 31.0, 15.87
1724314518, 77, 31.0, 15.87
1724314519, 77, 31.0, 15.92
1724314520, 77, 31.0, 15.77
1724314521, 76, 31.0, 15.77
1724314522, 76, 31.0, 15.77
1724314523, 76, 31.0, 15.77
1724314524, 76, 31.0, 15.78
1724314525, 76, NaN, 15.78
1724314526, 76, NaN, 15.78
1724314527, 76, NaN, 15.78
1724314528, 77, NaN, 15.78
1724314529, 77, NaN, 15.78
1724314530, 77, NaN, 15.78
1724314531, 77, NaN, 15.78
1724314532, 78, NaN, 15.78
1724314533, 79, NaN, 15.69
1724314534, 79, NaN, 15.69
1724314535, 79, 31.0, 15.69
1724314536, 79, 31.0, 15.69
1724314537, 79, 31.0, 15.69
1724314538, 79, 31.0, 15.69
1724314539, 79, 31.0, 15.39
1724314540, 80, 32.0, 15.39
1724314541, 80, 32.0, 15.39
1724314542, 80, 32.0, 15.39
1724314543, 80, 32.0, 15.39
1724314544, 81, 32.0, 15.39
1724314545, 83, 33.0, 15.21
1724314546, 83, 33.0, 15.21
1724314547, 83, 33.0, 15.21
1724314548, 83, 33.0, 15.21
1724314549, 83, 33.0, 15.21
1724314550, 82, 40.0, 15.21
1724314551, 82, 40.0, 15.21
1724314552, 82, 40.0, 14.98
1724314553, 81, 40.0, 14.98
1724314554, 79, 40.0, 14.98
1724314555, 78, 39.0, 14.98
1724314556, 78, 39.0, 14.98
1724314557, 78, 39.0, 14.98
1724314558, 77, 39.0, 14.98
1724314559, 77, 39.0, 14.54
1724314560, 76, 39.0, 14.54
1724314561, 76, 39.0, 14.54
1724314562, 76, 39.0, 14.65
1724314563, 76, 39.0, 14.65
1724314564, 76, 39.0, 14.65
1724314565, 76, 37.0, 14.65
1724314566, 76, 37.0, 14.69
1724314567, 75, 37.0, 14.69
1724314568, 72, 37.0, 14.69
1724314569, 72, 37.0, 14.69
1724314570, 72, NaN, 14.69
1724314571, 72, NaN, 14.69
1724314572, 72, NaN, 14.69
1724314573, 72, NaN, 14.69
1724314574, 72, NaN, 14.69
1724314575, 72, NaN, 14.69
1724314576, 73, NaN, 14.69
1724314577, 76, NaN, 14.69
1724314578, 78, NaN, 14.69
1724314579, 79, NaN, 14.69
1724314580, 79, 32.0, 14.69
1724314581, 79, 32.0, 14.69
1724314582, 79, 32.0, 14.69
1724314583, 79, 32.0, 14.69
1724314584, 78, 32.0, 14.55
1724314585, 77, 32.0, 14.55
1724314586, 76, 32.0, 14.59
1724314587, 76, 32.0, 14.59
1724314588, 76, 32.0, 14.59
1724314589, 77, 32.0, 14.7
1724314590, 78, 30.0, 14.7
1724314591, 79, 30.0, 14.7
1724314592, 79, 30.0, 14.7
1724314593, 78, 30.0, 14.7
1724314594, 78, 30.0, 14.67
1724314595, 78, 32.0, 14.67
1724314596, 77, 32.0, 14.67
1724314597, 76, 32.0, 14.67
1724314598, 75, 32.0, 14.67
1724314599, 75, 32.0, 14.67
1724314600, 76, 32.0, 14.67
1724314601, 77, 32.0, 14.67
1724314602, 79, 32.0, 14.67
1724314603, 80, 32.0, 14.67
1724314604, 81, 32.0, 14.57
1724314605, 81, 32.0, 14.57
1724314606, 81, 32.0, 14.57
1724314607, 82, 32.0, 14.57
1724314608, 82, 32.0, 14.57
1724314609, 82, 32.0, 14.57
1724314610, 81, 33.0, 14.57
1724314611, 81, 33.0, 14.57
1724314612, 81, 33.0, 14.57
1724314613, 80, 33.0, 14.57
1724314614, 80, 33.0, 14.57
1724314615, 80, 34.0, 14.35
1724314616, 80, 34.0, 14.35
1724314617, 80, 34.0, 14.35
1724314618, 78, 34.0, 14.35
1724314619, 77, 34.0, 14.35
1724314620, 74, NaN, 14.35
1724314621, 73, NaN, 14.35
1724314622, 72, NaN, 14.35
1724314623, 72, NaN, 14.35
1724314624, 72, NaN, 14.35
1724314625, 72, NaN, 14.35
1724314626, 72, NaN, 14.13
1724314627, 72, NaN, 14.13
1724314628, 72, NaN, 14.13
1724314629, 72, NaN, 14.23
1724314630, 72, NaN, 14.23
1724314631, 73, NaN, 14.23
1724314632, 73, NaN, 14.23
1724314633, 74, NaN, 14.23
1724314634, 74, NaN, 14.23
1724314635, 74, NaN, 14.23
1724314636, 74, NaN, 14.07
1724314637, 74, NaN, 14.07
1724314638, 74, NaN, 14.07
1724314639, 74, NaN, 14.07
1724314640, 74, NaN, 14.17
1724314641, 75, NaN, 14.17
1724314642, 75, NaN, 14.27
1724314643, 76, NaN, 14.27
1724314644, 77, NaN, 14.27
1724314645, 78, 30.0, 14.27
1724314646, 81, 30.0, 14.23
1724314647, 81, 30.0, 14.23
1724314648, 82, 30.0, 14.23
1724314649, 82, 30.0, 14.23
1724314650, 82, 40.0, 14.23
1724314651, 82, 40.0, 14.23
1724314652, 81, 40.0, 14.12
1724314653, 81, 40.0, 14.12
1724314654, 80, 40.0, 14.12
1724314655, 80, 39.0, 14.12
1724314656, 79, 39.0, 14.19
1724314657, 78, 39.0, 14.19
1724314658, 77, 39.0, 14.45
1724314659, 76, 39.0, 14.45
1724314660, 76, NaN, 14.45
1724314661, 76, NaN, 14.45
1724314662, 76, NaN, 14.45
1724314663, 76, NaN, 14.45
1724314664, 76, NaN, 14.62
1724314665, 76, NaN, 14.62
1724314666, 76, NaN, 14.62
1724314667, 76, NaN, 14.62
1724314668, 77, NaN, 14.66
1724314669, 77, NaN, 14.66
1724314670, 77, NaN, 14.66
1724314671, 77, NaN, 14.78
1724314672, 77, NaN, 14.78
1724314673, 77, NaN, 14.78
1724314674, 77, NaN, 15.12
1724314675, 78, 39.0, 15.12
1724314676, 79, 39.0, 15.12
1724314677, 80, 39.0, 15.12
1724314678, 81, 39.0, 15.12
1724314679, 81, 39.0, 15.12
1724314680, 82, 36.0, 15.12
1724314681, 82, 36.0, 15.12
1724314682, 83, 36.0, 15.12
1724314683, 84, 36.0, 14.99
1724314684, 84, 36.0, 14.99
1724314685, 84, 39.0, 14.99
1724314686, 84, 39.0, 14.99
1724314687, 83, 39.0, 14.85
1724314688, 83, 39.0, 14.85
1724314689, 82, 39.0, 14.85
1724314690, 81, 45.0, 14.94
1724314691, 80, 45.0, 14.94
1724314692, 79, 45.0, 14.94
1724314693, 78, 45.0, 15.08
1724314694, 76, 45.0, 15.08
1724314695, 76, 45.0, 15.08
1724314696, 76, 45.0, 15.22
1724314697, 77, 45.0, 15.22
1724314698, 77, 45.0, 15.22
1724314699, 77, 45.0, 15.22
1724314700, 77, NaN, 15.17
1724314701, 77, NaN, 15.17
1724314702, 77, NaN, 15.17
1724314703, 77, NaN, 15.17
1724314704, 77, NaN, 15.17
1724314705, 77, 45.0, 15.04
1724314706, 76, 45.0, 15.04
1724314707, 76, 45.0, 15.04
1724314708, 76, 45.0, 15.04
1724314709, 75, 45.0, 15.04
1724314710, 75, 43.0, 15.04
1724314711, 75, 43.0, 15.03
1724314712, 75, 43.0, 15.27
1724314713, 75, 43.0, 15.27
1724314714, 75, 43.0, 15.27
1724314715, 75, NaN, 15.27
1724314716, 75, NaN, 15.27
1724314717, 75, NaN, 15.27
1724314718, 75, NaN, 15.11
1724314719, 75, NaN, 15.11
1724314720, 75, 33.0, 15.11
1724314721, 76, 33.0, 15.11
1724314722, 76, 33.0, 15.11
1724314723, 76, 33.0, 15.01
1724314724, 76, 33.0, 15.01
1724314725, 76, NaN, 15.01
1724314726, 76, NaN, 15.11
1724314727, 77, NaN, 15.11
1724314728, 78, NaN, 15.33
1724314729, 80, NaN, 15.33
1724314730, 81, NaN, 15.33
1724314731, 81, NaN, 15.33
1724314732, 81, NaN, 15.33
1724314733, 81, NaN, 15.29
1724314734, 80, NaN, 15.29
1724314735, 80, 32.0, 15.29
1724314736, 80, 32.0, 15.39
1724314737, 80, 32.0, 15.39
1724314738, 80, 32.0, 15.39
1724314739, 80, 32.0, 15.66
1724314740, 80, 35.0, 15.66
1724314741, 80, 35.0, 15.66
1724314742, 80, 35.0, 15.66
1724314743, 80, 35.0, 15.82
1724314744, 80, 35.0, 15.82
1724314745, 80, 36.0, 16.3
1724314746, 79, 36.0, 16.3
1724314747, 79, 36.0, 16.3
1724314748, 79, 36.0, 16.3
1724314749, 79, 36.0, 16.3
1724314750, 79, 39.0, 16.3
1724314751, 79, 39.0, 16.03
1724314752, 79, 39.0, 16.03
1724314753, 80, 39.0, 16.03
1724314754, 80, 39.0, 16.03
1724314755, 80, 38.0, 16.03
1724314756, 81, 38.0, 15.86
1724314757, 81, 38.0, 15.86
1724314758, 81, 38.0, 15.86
1724314759, 81, 38.0, 15.86
1724314760, 82, 39.0, 15.86
1724314761, 82, 39.0, 15.86
1724314762, 82, 39.0, 15.86
1724314763, 81, 39.0, 15.86
1724314764, 81, 39.0, 15.86
1724314765, 80, 40.0, 15.64
1724314766, 80, 40.0, 15.64
1724314767, 80, 40.0, 15.64
1724314768, 79, 40.0, 15.64
1724314769, 80, 40.0, 15.64
1724314770, 81, 40.0, 15.64
1724314771, 82, 40.0, 15.43
1724314772, 81, 40.0, 15.43
1724314773, 81, 40.0, 15.43
1724314774, 80, 40.0, 15.43
1724314775, 80, 45.0, 15.43
1724314776, 80, 45.0, 15.43
1724314777, 80, 45.0, 15.43
1724314778, 80, 45.0, 14.38
1724314779, 80, 45.0, 14.38
1724314780, 80, 45.0, 14.38
1724314781, 80, 45.0, 14.08
1724314782, 80, 45.0, 14.08
1724314783, 80, 45.0, 14.08
1724314784, 79, 45.0, 14.08
1724314785, 79, 46.0, 14.08
1724314786, 80, 46.0, 13.93
1724314787, 81, 46.0, 13.93
1724314788, 82, 46.0, 13.93
1724314789, 83, 46.0, 13.93
1724314790, 84, 51.0, 13.93
1724314791, 85, 51.0, 13.41
1724314792, 86, 51.0, 13.41
1724314793, 87, 51.0, 13.56
1724314794, 88, 51.0, 13.56
1724314795, 87, 54.0, 13.56
1724314796, 87, 54.0, 13.56
1724314797, 87, 54.0, 13.56
1724314798, 87, 54.0, 13.56
1724314799, 88, 54.0, 13.56
1724314800, 88, 59.0, 13.56
1724314801, 89, 59.0, 13.56
1724314802, 89, 59.0, 13.56
1724314803, 89, 59.0, 13.56
1724314804, 89, 59.0, 13.49
1724314805, 89, 60.0, 13.49
1724314806, 89, 60.0, 13.49
1724314807, 89, 60.0, 13.49
1724314808, 89, 60.0, 13.49
1724314809, 89, 60.0, 13.49
1724314810, 89, 67.0, 13.49
1724314811, 89, 67.0, 13.49
1724314812, 89, 67.0, 13.49
1724314813, 89, 67.0, 13.49
1724314814, 89, 67.0, 13.49
1724314815, 89, 72.0, NaN
1724314816, NaN, 72.0, NaN
1724314817, NaN, 72.0, NaN
1724314818, NaN, 72.0, NaN
1724314819, NaN, 72.0, NaN
1724314820, NaN, 72.0, NaN
1724314821, NaN, 72.0, NaN
1724314822, NaN, 72.0, NaN
1724314823, NaN, 72.0, NaN
1724314824, NaN, 72.0, NaN
1724314825, NaN, 73.0, NaN
1724314826, NaN, 73.0, NaN
1724314827, NaN, 73.0, NaN
1724314828, NaN, 73.0, NaN
1724314829, NaN, 73.0, NaN
1724314830, NaN, 75.0, NaN
1724314831, NaN, 75.0, NaN
1724314832, NaN, 75.0, NaN
1724314833, 72, 75.0, 13.4
1724314834, 71, 75.0, 13.4
1724314835, 70, 73.0, 13.4
1724314836, 71, 73.0, 13.4
1724314837, 72, 73.0, 13.3
1724314838, 72, 73.0, 13.3
1724314839, 73, 73.0, 13.31
1724314840, 74, 71.0, 13.31
1724314841, 74, 71.0, 13.31
1724314842, 75, 71.0, 13.41
1724314843, 75, 71.0, 13.41
1724314844, 75, 71.0, 13.41
1724314845, 74, NaN, 13.47
1724314846, 74, NaN, 13.47
1724314847, 74, NaN, 13.47
1724314848, 74, NaN, 13.47
1724314849, 74, NaN, 13.48
1724314850, 74, NaN, 13.48
1724314851, 74, NaN, 13.81
1724314852, 74, NaN, 13.81
1724314853, 74, NaN, 13.81
1724314854, 74, NaN, 14.31
1724314855, 74, NaN, 14.31
1724314856, 75, NaN, 14.31
1724314857, 76, NaN, 14.7
1724314858, 76, NaN, 14.7
1724314859, 77, NaN, 14.7
1724314860, 77, NaN, 14.94
1724314861, 77, NaN, 14.94
1724314862, 78, NaN, 14.94
1724314863, 78, NaN, 14.94
1724314864, 78, NaN, 14.94
1724314865, 79, 51.0, 14.94
1724314866, 79, 51.0, 14.83
1724314867, 79, 51.0, 14.83
1724314868, 79, 51.0, 14.83
1724314869, 79, 51.0, 14.91
1724314870, 79, 33.0, 14.91
1724314871, 80, 33.0, 14.91
1724314872, 80, 33.0, 14.91
1724314873, 80, 33.0, 14.91
1724314874, 79, 33.0, 14.91
1724314875, 78, 35.0, 14.83
1724314876, 77, 35.0, 14.83
1724314877, 77, 35.0, 15.0
1724314878, 77, 35.0, 15.0
1724314879, 77, 35.0, 15.0
1724314880, 76, 33.0, 15.0
1724314881, 76, 33.0, 15.0
1724314882, 76, 33.0, 14.95
1724314883, 76, 33.0, 14.95
1724314884, 76, 33.0, 14.95
1724314885, 75, 33.0, 14.95
1724314886, 74, 33.0, 14.95
1724314887, 74, 33.0, 14.95
1724314888, 74, 33.0, 14.87
1724314889, 75, 33.0, 14.87
1724314890, 76, NaN, 14.87
1724314891, 77, NaN, 14.94
1724314892, 77, NaN, 14.94
1724314893, 76, NaN, 14.94
1724314894, 76, NaN, 14.94
1724314895, 76, 33.0, 14.94
1724314896, 76, 33.0, 14.92
1724314897, 75, 33.0, 14.92
1724314898, 75, 33.0, 14.92
1724314899, 76, 33.0, 15.12
1724314900, 76, NaN, 15.12
1724314901, 76, NaN, 15.34
1724314902, 75, NaN, 15.34
1724314903, 75, NaN, 15.34
1724314904, 75, NaN, 15.62
1724314905, 76, NaN, 15.62
1724314906, 77, NaN, 15.85
1724314907, 77, NaN, 15.85
1724314908, 77, NaN, 15.85
1724314909, 76, NaN, 15.85
1724314910, 74, 25.0, 16.63
1724314911, 74, 25.0, 16.63
1724314912, 74, 25.0, 16.76
1724314913, 74, 25.0, 16.76
1724314914, 75, 25.0, 16.76
1724314915, 76, 22.0, 17.33
1724314916, 78, 22.0, 17.33
1724314917, 79, 22.0, 17.33
1724314918, 79, 22.0, 17.33
1724314919, 79, 22.0, 17.53
1724314920, 79, 23.0, 17.53
1724314921, 78, 23.0, 17.54
1724314922, 79, 23.0, 17.54
1724314923, 79, 23.0, 17.54
1724314924, 79, 23.0, 17.54
1724314925, 79, 23.0, 17.5
1724314926, 79, 23.0, 17.5
1724314927, 79, 23.0, 17.69
1724314928, 79, 23.0, 17.69
1724314929, 79, 23.0, 17.69
1724314930, 78, 24.0, 17.69
1724314931, 78, 24.0, 17.92
1724314932, 78, 24.0, 17.92
1724314933, 78, 24.0, 18.17
1724314934, 78, 24.0, 18.17
1724314935, 78, 23.0, 18.17
1724314936, 78, 23.0, 18.17
1724314937, 78, 23.0, 18.17
1724314938, 78, 23.0, 18.17
1724314939, 77, 23.0, 18.17
1724314940, 77, 24.0, 18.17
1724314941, 77, 24.0, 18.17
1724314942, 77, 24.0, 18.17
1724314943, 77, 24.0, 18.04
1724314944, 77, 24.0, 18.04
1724314945, 77, 25.0, 17.97
1724314946, 76, 25.0, 17.97
1724314947, 75, 25.0, 17.97
1724314948, 74, 25.0, 17.97
1724314949, 74, 25.0, 17.97
1724314950, 73, NaN, 17.89
1724314951, 73, NaN, 17.89
1724314952, 72, NaN, 17.89
1724314953, 72, NaN, 17.89
1724314954, 71, NaN, 17.89
1724314955, 70, NaN, 17.97
1724314956, 70, NaN, 17.97
1724314957, 70, NaN, 17.97
1724314958, 69, NaN, 17.97
1724314959, 70, NaN, 17.97
1724314960, 70, NaN, 17.97
1724314961, 71, NaN, 17.97
1724314962, 72, NaN, 17.97
1724314963, 72, NaN, 17.87
1724314964, 73, NaN, 17.87
1724314965, 73, NaN, 17.87
1724314966, 73, NaN, 17.87
1724314967, 73, NaN, 17.87
1724314968, 73, NaN, 17.87
1724314969, 72, NaN, 17.87
1724314970, 72, NaN, 17.77
1724314971, 71, NaN, 17.77
1724314972, 71, NaN, 17.77
1724314973, 71, NaN, 17.81
1724314974, 72, NaN, 17.81
1724314975, 73, NaN, 17.85
1724314976, 73, NaN, 17.85
1724314977, 73, NaN, 17.85
1724314978, 73, NaN, 17.85
1724314979, 73, NaN, 17.85
1724314980, 75, NaN, 17.85
1724314981, 81, NaN, 17.85
1724314982, 86, NaN, 17.85
1724314983, 91, NaN, 17.75
1724314984, 93, NaN, 17.75
1724314985, 95, NaN, 17.71
1724314986, 94, NaN, 17.71
1724314987, 94, NaN, 17.71
1724314988, 93, NaN, 17.82
1724314989, 91, NaN, 17.82
1724314990, 92, 78.0, 17.82
1724314991, 93, 78.0, 17.86
1724314992, 91, 78.0, 17.86
1724314993, 90, 78.0, 18.0
1724314994, 89, 78.0, 18.0
1724314995, 87, 75.0, 18.0
1724314996, 86, 75.0, 18.11
1724314997, 85, 75.0, 18.11
1724314998, 84, 75.0, 18.11
1724314999, 84, 75.0, 18.11
1724315000, 84, 72.0, 18.11
1724315001, 84, 72.0, 18.11
1724315002, 83, 72.0, 18.11
1724315003, 83, 72.0, 18.11
1724315004, 83, 72.0, 18.11
1724315005, 82, 69.0, 17.92
1724315006, 82, 69.0, 17.92
1724315007, 82, 69.0, 17.92
1724315008, 82, 69.0, 17.92
1724315009, 82, 69.0, 17.92
1724315010, 83, 66.0, 18.02
1724315011, 83, 66.0, 18.02
1724315012, 83, 66.0, 17.95
1724315013, 82, 66.0, 17.95
1724315014, 82, 66.0, 17.95
1724315015, 83, 64.0, 17.95
1724315016, 82, 64.0, 17.95
1724315017, 82, 64.0, 17.95
1724315018, 82, 64.0, 17.95
1724315019, 81, 64.0, 17.95
1724315020, 81, 60.0, 17.95
1724315021, 81, 60.0, 17.95
1724315022, 80, 60.0, 17.95
1724315023, 80, 60.0, 17.81
1724315024, 80, 60.0, 17.81
1724315025, 79, 54.0, 17.7
1724315026, 79, 54.0, 17.7
1724315027, 79, 54.0, 17.7
1724315028, 78, 54.0, 17.7
1724315029, 78, 54.0, 17.7
1724315030, 77, 51.0, 17.7
1724315031, 77, 51.0, 17.7
1724315032, 77, 51.0, 17.7
1724315033, 77, 51.0, 17.7
1724315034, 76, 51.0, 17.51
1724315035, 75, 45.0, 17.51
1724315036, 74, 45.0, 17.51
1724315037, 74, 45.0, 17.51
1724315038, 74, 45.0, 16.38
1724315039, 74, 45.0, 16.38
1724315040, 74, NaN, 16.38
1724315041, 74, NaN, 16.51
1724315042, 74, NaN, 16.51
1724315043, 74, NaN, 16.51
1724315044, 74, NaN, 16.56
1724315045, 74, NaN, 16.56
1724315046, 74, NaN, 16.56
1724315047, 75, NaN, 16.56
1724315048, 75, NaN, 16.59
1724315049, 74, NaN, 16.59
1724315050, 74, 30.0, 16.59
1724315051, 74, 30.0, 16.58
1724315052, 74, 30.0, 16.58
1724315053, 75, 30.0, 16.58
1724315054, 75, 30.0, 16.58
1724315055, 75, 24.0, 16.58
1724315056, 76, 24.0, 16.4
1724315057, 76, 24.0, 16.4
1724315058, 77, 24.0, 16.4
1724315059, 78, 24.0, 16.68
1724315060, 79, 22.0, 16.68
1724315061, 79, 22.0, 16.68
1724315062, 79, 22.0, 16.68
1724315063, 80, 22.0, 16.68
1724315064, 80, 22.0, 16.68
1724315065, 80, 23.0, 16.49
1724315066, 80, 23.0, 16.49
1724315067, 80, 23.0, 16.49
1724315068, 80, 23.0, 16.6
1724315069, 80, 23.0, 16.6
1724315070, 79, 23.0, 16.6
1724315071, 79, 23.0, 16.66
1724315072, 78, 23.0, 16.66
1724315073, 78, 23.0, 16.66
1724315074, 78, 23.0, 16.77
1724315075, 78, 24.0, 16.77
1724315076, 77, 24.0, 16.97
1724315077, 77, 24.0, 16.97
1724315078, 78, 24.0, 16.97
1724315079, 79, 24.0, 16.97
1724315080, 79, 25.0, 16.97
1724315081, 79, 25.0, 16.82
1724315082, 80, 25.0, 16.82
1724315083, 80, 25.0, 16.82
1724315084, 80, 25.0, 16.82
1724315085, 80, 27.0, 16.82
1724315086, 80, 27.0, 16.82
1724315087, 80, 27.0, 16.82
1724315088, 81, 27.0, 16.82
1724315089, 82, 27.0, 16.69
1724315090, 83, 30.0, 16.69
1724315091, 82, 30.0, 16.69
1724315092, 82, 30.0, 16.69
1724315093, 82, 30.0, 16.68
1724315094, 82, 30.0, 16.68
1724315095, 82, 28.0, 16.68
1724315096, 83, 28.0, 16.68
1724315097, 82, 28.0, 16.68
1724315098, 81, 28.0, 16.66
1724315099, 80, 28.0, 16.83
1724315100, 80, 32.0, 16.83
1724315101, 81, 32.0, 16.83
1724315102, 82, 32.0, 16.97
1724315103, 82, 32.0, 16.97
1724315104, 82, 32.0, 16.97
1724315105, 82, 35.0, 16.97
1724315106, 83, 35.0, 16.97
1724315107, 84, 35.0, 16.87
1724315108, 84, 35.0, 16.87
1724315109, 84, 35.0, 16.87
1724315110, 83, 38.0, 16.87
1724315111, 82, 38.0, 16.87
1724315112, 81, 38.0, 16.96
1724315113, 80, 38.0, 16.96
1724315114, 79, 38.0, 16.96
1724315115, 78, 43.0, 16.96
1724315116, 77, 43.0, 16.86
1724315117, 76, 43.0, 16.86
1724315118, 76, 43.0, 16.86
1724315119, 75, 43.0, 16.86
1724315120, 75, 44.0, 16.85
1724315121, 75, 44.0, 16.85
1724315122, 75, 44.0, 17.0
1724315123, 75, 44.0, 17.0
1724315124, 75, 44.0, 17.0
1724315125, 75, NaN, 17.0
1724315126, 75, NaN, 17.0
1724315127, 75, NaN, 17.0
1724315128, 76, NaN, 16.84
1724315129, 77, NaN, 16.84
1724315130, 78, NaN, 16.84
1724315131, 80, NaN, 16.84
1724315132, 80, NaN, 16.84
1724315133, 80, NaN, 16.84
1724315134, 81, NaN, 16.84
1724315135, 81, 44.0, 16.67
1724315136, 81, 44.0, 16.67
1724315137, 80, 44.0, 16.67
1724315138, 80, 44.0, 16.67
1724315139, 80, 44.0, 16.67
1724315140, 80, 42.0, 16.67
1724315141, 80, 42.0, 16.67
1724315142, 80, 42.0, 16.67
1724315143, 80, 42.0, 16.39
1724315144, 80, 42.0, 16.39
1724315145, 79, 38.0, 16.39
1724315146, 78, 38.0, 16.39
1724315147, 78, 38.0, 16.39
1724315148, 77, 38.0, 16.28
1724315149, 77, 38.0, 16.28
1724315150, 77, 38.0, 16.28
1724315151, 77, 38.0, 16.38
1724315152, 76, 38.0, 16.38
1724315153, 76, 38.0, 16.38
1724315154, 76, 38.0, 16.38
1724315155, 76, 36.0, 16.38
1724315156, 76, 36.0, 16.23
1724315157, 76, 36.0, 16.23
1724315158, 76, 36.0, 16.23
1724315159, 75, 36.0, 16.3
1724315160, 75, NaN, 16.3
1724315161, 75, NaN, 16.3
1724315162, 74, NaN, 16.58
1724315163, 74, NaN, 16.58
1724315164, 74, NaN, 16.58
1724315165, 74, NaN, 16.75
1724315166, 74, NaN, 16.75
1724315167, 74, NaN, 17.0
1724315168, 74, NaN, 17.0
1724315169, 74, NaN, 17.0
1724315170, 76, NaN, 17.0
1724315171, 76, NaN, 17.0
1724315172, 77, NaN, 17.0
1724315173, 77, NaN, 17.0
1724315174, 77, NaN, 17.0
1724315175, 77, 31.0, 17.0
1724315176, 77, 31.0, 16.83
1724315177, 77, 31.0, 16.83
1724315178, 77, 31.0, 16.78
1724315179, 77, 31.0, 16.78
1724315180, 77, 30.0, 16.78
1724315181, 77, 30.0, 16.78
1724315182, 77, 30.0, 16.78
1724315183, 77, 30.0, 16.78
1724315184, 77, 30.0, 16.78
1724315185, 77, 35.0, 16.78
1724315186, 77, 35.0, 16.78
1724315187, 77, 35.0, 16.78
1724315188, 77, 35.0, 16.64
1724315189, 77, 35.0, 16.64
1724315190, 77, 37.0, 16.64
1724315191, 77, 37.0, 16.64
1724315192, 77, 37.0, 16.64
1724315193, 77, 37.0, 16.64
1724315194, 77, 37.0, 16.44
1724315195, 77, 37.0, 16.44
1724315196, 77, 37.0, 16.44
1724315197, 78, 37.0, 16.44
1724315198, 77, 37.0, 16.44
1724315199, 76, 37.0, 16.44
1724315200, 75, 36.0, 16.59
1724315201, 74, 36.0, 16.59
1724315202, 74, 36.0, 16.59
1724315203, 76, 36.0, 16.49
1724315204, 76, 36.0, 16.49
1724315205, 77, NaN, 16.49
1724315206, 78, NaN, 16.49
1724315207, 78, NaN, 16.49
1724315208, 77, NaN, 16.49
1724315209, 76, NaN, 16.49
1724315210, 76, 37.0, 16.49
1724315211, 76, 37.0, 16.49
1724315212, 76, 37.0, 16.49
1724315213, 76, 37.0, 16.39
1724315214, 76, 37.0, 16.39
1724315215, 76, 35.0, 16.39
1724315216, 76, 35.0, 16.39
1724315217, 76, 35.0, 16.39
1724315218, 76, 35.0, 16.39
1724315219, 76, 35.0, 16.39
1724315220, 76, 33.0, 16.39
1724315221, 76, 33.0, 16.39
1724315222, 76, 33.0, 16.39
1724315223, 76, 33.0, 16.27
1724315224, 76, 33.0, 16.34
1724315225, 76, NaN, 16.34
1724315226, 77, NaN, 16.34
1724315227, 81, NaN, 16.34
1724315228, 86, NaN, 16.31
1724315229, 95, NaN, 16.31
1724315230, 99, 41.0, 16.31
1724315231, 101, 41.0, 16.31
1724315232, 103, 41.0, 16.28
1724315233, 104, 41.0, 16.28
1724315234, 104, 41.0, 16.28
1724315235, 104, 50.0, 16.38
1724315236, 105, 50.0, 16.38
1724315237, 105, 50.0, 16.38
1724315238, 105, 50.0, 16.38
1724315239, 104, 50.0, 16.38
1724315240, 104, 61.0, 16.38
1724315241, 104, 61.0, 16.38
1724315242, 102, 61.0, 16.38
1724315243, 101, 61.0, 16.11
1724315244, 100, 61.0, 16.35
1724315245, 99, 67.0, 16.35
1724315246, 99, 67.0, 16.35
1724315247, 99, 67.0, 16.35
1724315248, 98, 67.0, 16.41
1724315249, 95, 67.0, 16.41
1724315250, 91, 74.0, 16.41
1724315251, 87, 74.0, 16.49
1724315252, 86, 74.0, 16.49
1724315253, 83, 74.0, 16.49
1724315254, 80, 74.0, 16.61
1724315255, 80, 69.0, 16.61
1724315256, 80, 69.0, 16.61
1724315257, 79, 69.0, 17.17
1724315258, 79, 69.0, 17.17
1724315259, 79, 69.0, 17.17
1724315260, 79, 63.0, 17.17
1724315261, 79, 63.0, 17.17
1724315262, 78, 63.0, 16.78
1724315263, 78, 63.0, 16.78
1724315264, 79, 63.0, 16.78
1724315265, 79, 53.0, 16.78
1724315266, 79, 53.0, 16.63
1724315267, 79, 53.0, 16.63
1724315268, 78, 53.0, 16.63
1724315269, 79, 53.0, 16.63
1724315270, 78, 42.0, 16.63
1724315271, 78, 42.0, 16.39
1724315272, 78, 42.0, 16.39
1724315273, 78, 42.0, 16.39
1724315274, 78, 42.0, 16.39
1724315275, 77, 37.0, 16.39
1724315276, 78, 37.0, 16.57
1724315277, 78, 37.0, 16.57
1724315278, 79, 37.0, 16.57
1724315279, 81, 37.0, 16.57
1724315280, 83, 31.0, 16.57
1724315281, 84, 31.0, 16.57
1724315282, 84, 31.0, 16.57
1724315283, 85, 31.0, 16.28
1724315284, 84, 31.0, 16.28
1724315285, 85, 28.0, 16.28
1724315286, 84, 28.0, 16.41
1724315287, 84, 28.0, 16.41
1724315288, 83, 28.0, 16.41
1724315289, 82, 28.0, 16.39
1724315290, 81, 27.0, 16.39
1724315291, 80, 27.0, 16.39
1724315292, 80, 27.0, 16.39
1724315293, 79, 27.0, 16.39
1724315294, 79, 27.0, 16.39
1724315295, 77, 27.0, 16.48
1724315296, 77, 27.0, 16.48
1724315297, 76, 27.0, 16.48
1724315298, 75, 27.0, 16.48
1724315299, 74, 27.0, 16.4
1724315300, 73, 27.0, 16.4
1724315301, 72, 27.0, 16.4
1724315302, 71, 27.0, 16.4
1724315303, 70, 27.0, 16.4
1724315304, 69, 27.0, 16.4
1724315305, 68, 25.0, 16.4
1724315306, 67, 25.0, 16.31
1724315307, 67, 25.0, 16.31
1724315308, 67, 25.0, 16.31
1724315309, 67, 25.0, 16.31
1724315310, 67, 23.0, 16.31
1724315311, 67, 23.0, 16.31
1724315312, 67, 23.0, 16.15
1724315313, 67, 23.0, 16.15
1724315314, 67, 23.0, 16.15
1724315315, 67, 22.0, 16.15
1724315316, 67, 22.0, 16.07
1724315317, 67, 22.0, 16.07
1724315318, 67, 22.0, 16.07
1724315319, 67, 22.0, 16.23
1724315320, 68, 21.0, 16.23
1724315321, 68, 21.0, 16.23
1724315322, 69, 21.0, 16.23
1724315323, 69, 21.0, 16.13
1724315324, 69, 21.0, 16.13
1724315325, 70, 19.0, 16.13
1724315326, 70, 19.0, 16.13
1724315327, 69, 19.0, 16.13
1724315328, 69, 19.0, 16.13
1724315329, 69, 19.0, 15.87
1724315330, 68, NaN, 15.87
1724315331, 68, NaN, 15.87
1724315332, 67, NaN, 15.87
1724315333, 67, NaN, 15.87
1724315334, 67, NaN, 15.87
1724315335, 68, 18.0, 15.56
1724315336, 69, 18.0, 15.56
1724315337, 70, 18.0, 15.56
1724315338, 71, 18.0, 15.56
1724315339, 71, 18.0, 15.56
1724315340, 71, NaN, 15.56
1724315341, 72, NaN, 15.27
1724315342, 72, NaN, 15.27
1724315343, 72, NaN, 15.27
1724315344, 72, NaN, 15.27
1724315345, 72, NaN, 15.27
1724315346, 73, NaN, 14.63
1724315347, 73, NaN, 14.63
1724315348, 73, NaN, 14.63
1724315349, 73, NaN, 14.63
1724315350, 75, NaN, 14.63
1724315351, 75, NaN, 14.63
1724315352, 75, NaN, 14.63
1724315353, 75, NaN, 14.63
1724315354, 75, NaN, 14.63
1724315355, 75, NaN, 13.32
1724315356, 75, NaN, 13.32
1724315357, 75, NaN, 13.32
1724315358, 75, NaN, 13.32
1724315359, 76, NaN, 13.5
1724315360, 76, NaN, 13.64
1724315361, 76, NaN, 13.64
1724315362, 76, NaN, 13.64
1724315363, 76, NaN, 13.7
1724315364, 75, NaN, 13.7
1724315365, 75, NaN, 13.7
1724315366, 75, NaN, 13.7
1724315367, 74, NaN, 13.84
1724315368, 74, NaN, 13.84
1724315369, 74, NaN, 13.84
1724315370, 74, NaN, 13.84
1724315371, 74, NaN, 13.87
1724315372, 74, NaN, 13.87
1724315373, 74, NaN, 14.16
1724315374, 74, NaN, 14.16
1724315375, 74, NaN, 14.48
1724315376, 74, NaN, 14.48
1724315377, 74, NaN, 14.48
1724315378, 74, NaN, 14.48
1724315379, 74, NaN, 14.48
1724315380, 74, NaN, 14.48
1724315381, 74, NaN, 14.42
1724315382, 74, NaN, 14.42
1724315383, 74, NaN, 14.42
1724315384, 74, NaN, 14.42
1724315385, 74, NaN, 14.42
1724315386, 74, NaN, 14.42
1724315387, 74, NaN, 14.42
1724315388, 74, NaN, 14.36
1724315389, 74, NaN, 14.36
1724315390, 73, NaN, 14.46
1724315391, 70, NaN, 14.46
1724315392, 66, NaN, 14.56
1724315393, 64, NaN, 14.56
1724315394, 63, NaN, 14.56
1724315395, 63, NaN, 14.62
1724315396, 64, NaN, 14.62
1724315397, 65, NaN, 14.62
1724315398, 67, NaN, 14.62
1724315399, 69, NaN, 14.62
1724315400, 70, 7.0, 14.62
1724315401, 71, 7.0, 14.62
1724315402, 71, 7.0, 14.62
1724315403, 72, 7.0, 14.62
1724315404, 73, 7.0, 14.62
1724315405, 75, NaN, 14.62
1724315406, 77, NaN, 14.56
1724315407, 79, NaN, 14.56
1724315408, 80, NaN, 14.56
1724315409, 81, NaN, 14.56
1724315410, 81, 13.0, 14.56
1724315411, 82, 13.0, 14.56
1724315412, 81, 13.0, 14.56
1724315413, 81, 13.0, 14.56
1724315414, 80, 13.0, 14.56
1724315415, 80, 17.0, 14.56
1724315416, 80, 17.0, 14.56
1724315417, 80, 17.0, 14.49
1724315418, 80, 17.0, 14.49
1724315419, 81, 17.0, 14.49
1724315420, 82, 20.0, 14.49
1724315421, 83, 20.0, 14.49
1724315422, 84, 20.0, 14.51
1724315423, 84, 20.0, 14.51
1724315424, 84, 20.0, 14.51
1724315425, 85, 24.0, 14.51
1724315426, 85, 24.0, 14.51
1724315427, 85, 24.0, 14.44
1724315428, 85, 24.0, 14.44
1724315429, 85, 24.0, 14.44
1724315430, 85, 40.0, 14.44
1724315431, 86, 40.0, 14.44
1724315432, 85, 40.0, 14.44
1724315433, 84, 40.0, 14.44
1724315434, 83, 40.0, 14.44
1724315435, 83, 39.0, 14.44
1724315436, 84, 39.0, 14.44
1724315437, 85, 39.0, 14.12
1724315438, 85, 39.0, 14.12
1724315439, 86, 39.0, 14.12
1724315440, 85, 43.0, 14.24
1724315441, 84, 43.0, 14.24
1724315442, 82, 43.0, 14.39
1724315443, 80, 43.0, 14.39
1724315444, 80, 43.0, 14.39
1724315445, 79, 43.0, 14.39
1724315446, 79, 43.0, 14.48
1724315447, 78, 43.0, 14.48
1724315448, 78, 43.0, 14.66
1724315449, 77, 43.0, 14.66
1724315450, 77, 42.0, 14.66
1724315451, 76, 42.0, 14.66
1724315452, 77, 42.0, 14.66
1724315453, 77, 42.0, 14.77
1724315454, 77, 42.0, 15.33
1724315455, 77, 36.0, 15.33
1724315456, 77, 36.0, 15.33
1724315457, 78, 36.0, 15.33
1724315458, 78, 36.0, 15.33
1724315459, 78, 36.0, 15.33
1724315460, 78, 31.0, 15.33
1724315461, 77, 31.0, 15.22
1724315462, 78, 31.0, 15.22
1724315463, 81, 31.0, 15.22
1724315464, 83, 31.0, 15.3
1724315465, 84, 30.0, 15.3
1724315466, 84, 30.0, 15.3
1724315467, 84, 30.0, 15.46
1724315468, 85, 30.0, 15.46
1724315469, 84, 30.0, 15.46
1724315470, 84, 32.0, 15.54
1724315471, 84, 32.0, 15.54
1724315472, 83, 32.0, 15.73
1724315473, 83, 32.0, 15.73
1724315474, 82, 32.0, 15.73
1724315475, 81, 33.0, 15.73
1724315476, 81, 33.0, 15.73
1724315477, 80, 33.0, 16.5
1724315478, 78, 33.0, 16.5
1724315479, 78, 33.0, 16.5
1724315480, 78, 36.0, 16.39
1724315481, 79, 36.0, 16.39
1724315482, 79, 36.0, 16.39
1724315483, 79, 36.0, 16.41
1724315484, 79, 36.0, 16.41
1724315485, 79, 36.0, 16.41
1724315486, 79, 36.0, 16.41
1724315487, 78, 36.0, 16.41
1724315488, 78, 36.0, 16.33
1724315489, 78, 36.0, 16.33
1724315490, 77, 36.0, 16.33
1724315491, 77, 36.0, 16.47
1724315492, 77, 36.0, 16.47
1724315493, 77, 36.0, 16.47
1724315494, 76, 36.0, 16.64
1724315495, 76, 36.0, 16.64
1724315496, 77, 36.0, 16.64
1724315497, 77, 36.0, 16.64
1724315498, 77, 36.0, 16.64
1724315499, 77, 36.0, 16.64
1724315500, 77, 36.0, 16.64
1724315501, 77, 36.0, 16.64
1724315502, 77, 36.0, 16.37
1724315503, 77, 36.0, 16.53
1724315504, 77, 36.0, 16.53
1724315505, 77, 33.0, 16.71
1724315506, 76, 33.0, 16.71
1724315507, 76, 33.0, 16.71
1724315508, 76, 33.0, 16.71
1724315509, 76, 33.0, 16.71
1724315510, 75, 31.0, 16.71
1724315511, 75, 31.0, 16.71
1724315512, 75, 31.0, 16.73
1724315513, 75, 31.0, 16.73
1724315514, 75, 31.0, 16.73
1724315515, 75, NaN, 16.88
1724315516, 75, NaN, 16.88
1724315517, 75, NaN, 17.15
1724315518, 75, NaN, 17.15
1724315519, 75, NaN, 17.15
1724315520, 75, NaN, 17.15
1724315521, 75, NaN, 17.15
1724315522, 74, NaN, 17.15
1724315523, 73, NaN, 17.15
1724315524, 72, NaN, 17.15
1724315525, 72, NaN, 17.15
1724315526, 71, NaN, 17.15
1724315527, 71, NaN, 16.99
1724315528, 71, NaN, 16.99
1724315529, 71, NaN, 16.99
1724315530, 71, NaN, 17.0
1724315531, 71, NaN, 17.0
1724315532, 71, NaN, 17.0
1724315533, 71, NaN, 17.0
1724315534, 71, NaN, 17.0
1724315535, 72, NaN, 17.0
1724315536, 73, NaN, 17.0
1724315537, 74, NaN, 17.0
1724315538, 75, NaN, 16.89
1724315539, 76, NaN, 16.89
1724315540, 76, NaN, 16.89
1724315541, 76, NaN, 16.92
1724315542, 76, NaN, 16.92
1724315543, 76, NaN, 16.92
1724315544, 76, NaN, 16.92
1724315545, 76, 33.0, 16.89
1724315546, 76, 33.0, 16.89
1724315547, 76, 33.0, 16.89
1724315548, 76, 33.0, 16.89
1724315549, 76, 33.0, 16.89
1724315550, 76, 33.0, 16.89
1724315551, 76, 33.0, 16.85
1724315552, 76, 33.0, 16.85
1724315553, 76, 33.0, 16.85
1724315554, 76, 33.0, 16.59
1724315555, 77, 31.0, 16.59
1724315556, 77, 31.0, 16.59
1724315557, 77, 31.0, 16.83
1724315558, 76, 31.0, 16.83
1724315559, 76, 31.0, 16.83
1724315560, 77, 30.0, 16.83
1724315561, 77, 30.0, 16.83
1724315562, 78, 30.0, 16.83
1724315563, 78, 30.0, 16.54
1724315564, 78, 30.0, 16.54
1724315565, 80, 31.0, 16.54
1724315566, 81, 31.0, 16.57
1724315567, 81, 31.0, 16.57
1724315568, 81, 31.0, 16.57
1724315569, 81, 31.0, 16.57
1724315570, 80, 34.0, 16.57
1724315571, 80, 34.0, 16.44
1724315572, 79, 34.0, 16.44
1724315573, 79, 34.0, 16.44
1724315574, 79, 34.0, 16.44
1724315575, 78, 37.0, 16.44
1724315576, 78, 37.0, 16.44
1724315577, 78, 37.0, 16.44
1724315578, 77, 37.0, 16.19
1724315579, 77, 37.0, 16.19
1724315580, 76, 37.0, 16.19
1724315581, 76, 37.0, 16.19
1724315582, 76, 37.0, 15.84
1724315583, 76, 37.0, 15.84
1724315584, 75, 37.0, 15.84
1724315585, 74, 39.0, 16.03
1724315586, 73, 39.0, 16.03
1724315587, 73, 39.0, 16.03
1724315588, 72, 39.0, 16.08
1724315589, 72, 39.0, 16.08
1724315590, 72, 39.0, 16.08
1724315591, 72, 39.0, 16.08
1724315592, 72, 39.0, 16.08
1724315593, 72, 39.0, 16.08
1724315594, 72, 39.0, 16.04
1724315595, 72, 37.0, 16.27
1724315596, 72, 37.0, 16.27
1724315597, 72, 37.0, 16.27
1724315598, 71, 37.0, 16.27
1724315599, 71, 37.0, 16.27
1724315600, 71, 33.0, 16.27
1724315601, 72, 33.0, 16.27
1724315602, 72, 33.0, 16.27
1724315603, 72, 33.0, 16.27
1724315604, 72, 33.0, 16.27
1724315605, 72, NaN, 16.05
1724315606, 72, NaN, 16.05
1724315607, 72, NaN, 16.05
1724315608, 72, NaN, 16.05
1724315609, 73, NaN, 16.05
1724315610, 74, NaN, 16.05
1724315611, 76, NaN, 16.05
1724315612, 79, NaN, 16.05
1724315613, 80, NaN, 16.05
1724315614, 81, NaN, 16.05
1724315615, 82, NaN, 15.83
1724315616, 81, NaN, 15.83
1724315617, 81, NaN, 15.83
1724315618, 81, NaN, 15.83
1724315619, 81, NaN, 15.83
1724315620, 81, 32.0, 15.83
1724315621, 81, 32.0, 15.83
1724315622, 81, 32.0, 15.83
1724315623, 81, 32.0, 15.83
1724315624, 81, 32.0, 15.83
1724315625, 80, 38.0, 15.83
1724315626, 80, 38.0, 15.83
1724315627, 80, 38.0, 15.64
1724315628, 78, 38.0, 15.64
1724315629, 77, 38.0, 15.64
1724315630, 77, 44.0, 15.64
1724315631, 76, 44.0, 15.64
1724315632, 75, 44.0, 15.64
1724315633, 75, 44.0, 15.64
1724315634, 75, 44.0, 15.64
1724315635, 75, 40.0, 15.47
1724315636, 74, 40.0, 15.47
1724315637, 74, 40.0, 15.59
1724315638, 73, 40.0, 15.59
1724315639, 72, 40.0, 15.59
1724315640, 73, NaN, 15.64
1724315641, 75, NaN, 15.64
1724315642, 75, NaN, 15.64
1724315643, 75, NaN, 15.64
1724315644, 76, NaN, 15.64
1724315645, 76, NaN, 15.58
1724315646, 72, NaN, 15.58
1724315647, 68, NaN, 15.58
1724315648, 63, NaN, 15.58
1724315649, 62, NaN, 15.58
1724315650, 62, NaN, 15.58
1724315651, 62, NaN, 15.58
1724315652, 63, NaN, 15.6
1724315653, 63, NaN, 15.6
1724315654, 64, NaN, 15.6
1724315655, 65, 20.0, 15.38
1724315656, 65, 20.0, 15.38
1724315657, 66, 20.0, 15.38
1724315658, 66, 20.0, 15.38
1724315659, 68, 20.0, 15.56
1724315660, 69, 15.0, 15.56
1724315661, 71, 15.0, 15.56
1724315662, 72, 15.0, 15.56
1724315663, 72, 15.0, 15.56
1724315664, 72, 15.0, 15.37
1724315665, 72, 11.0, 15.37
1724315666, 72, 11.0, 15.57
1724315667, 72, 11.0, 15.57
1724315668, 72, 11.0, 15.57
1724315669, 73, 11.0, 15.57
1724315670, 73, 12.0, 15.57
1724315671, 73, 12.0, 15.57
1724315672, 73, 12.0, 15.41
1724315673, 73, 12.0, 15.41
1724315674, 73, 12.0, 15.41
1724315675, 73, 13.0, 15.41
1724315676, 73, 13.0, 15.55
1724315677, 73, 13.0, 15.55
1724315678, 73, 13.0, 15.55
1724315679, 74, 13.0, 15.67
1724315680, 74, 15.0, 15.67
1724315681, 75, 15.0, 15.92
1724315682, 75, 15.0, 15.92
1724315683, 75, 15.0, 15.92
1724315684, 75, 15.0, 15.92
1724315685, 76, 19.0, 15.92
1724315686, 76, 19.0, 15.92
1724315687, 76, 19.0, 15.92
1724315688, 77, 19.0, 15.82
1724315689, 77, 19.0, 15.82
1724315690, 77, 21.0, 15.82
1724315691, 77, 21.0, 15.82
1724315692, 77, 21.0, 15.82
1724315693, 77, 21.0, 15.75
1724315694, 77, 21.0, 15.75
1724315695, 77, 23.0, 15.85
1724315696, 77, 23.0, 15.85
1724315697, 77, 23.0, 15.85
1724315698, 77, 23.0, 15.85
1724315699, 79, 23.0, 15.85
1724315700, 82, 27.0, 15.85
1724315701, 83, 27.0, 15.9
1724315702, 85, 27.0, 15.92
1724315703, 86, 27.0, 15.92
1724315704, 86, 27.0, 15.92
1724315705, 85, 36.0, 16.17
1724315706, 85, 36.0, 16.17
1724315707, 85, 36.0, 16.17
1724315708, 84, 36.0, 16.17
1724315709, 84, 36.0, 16.17
1724315710, 84, 41.0, 16.01
1724315711, 84, 41.0, 16.01
1724315712, 84, 41.0, 16.01
1724315713, 84, 41.0, 16.01
1724315714, 83, 41.0, 16.26
1724315715, 83, 47.0, 16.26
1724315716, 84, 47.0, 16.26
1724315717, 83, 47.0, 16.26
1724315718, 83, 47.0, 16.26
1724315719, 83, 47.0, 16.26
1724315720, 83, 52.0, 16.26
1724315721, 83, 52.0, 16.26
1724315722, 83, 52.0, 16.26
1724315723, 82, 52.0, 16.26
1724315724, 82, 52.0, 16.07
1724315725, 82, 54.0, 16.07
1724315726, 81, 54.0, 16.07
1724315727, 81, 54.0, 16.07
1724315728, 80, 54.0, 16.07
1724315729, 79, 54.0, 16.07
1724315730, 79, 53.0, 16.07
1724315731, 78, 53.0, 16.07
1724315732, 78, 53.0, 16.07
1724315733, 78, 53.0, 15.92
1724315734, 78, 53.0, 15.92
1724315735, 78, 50.0, 15.92
1724315736, 78, 50.0, 15.99
1724315737, 77, 50.0, 15.99
1724315738, 77, 50.0, 15.99
1724315739, 76, 50.0, 15.98
1724315740, 75, 45.0, 15.98
1724315741, 73, 45.0, 15.98
1724315742, 72, 45.0, 15.98
1724315743, 73, 45.0, 15.98
1724315744, 73, 45.0, 15.98
1724315745, 73, NaN, 15.98
1724315746, 73, NaN, 16.15
1724315747, 73, NaN, 16.15
1724315748, 72, NaN, 16.15
1724315749, 72, NaN, 16.15
1724315750, 72, NaN, 16.35
1724315751, 72, NaN, 16.35
1724315752, 73, NaN, 16.35
1724315753, 74, NaN, 16.35
1724315754, 75, NaN, 16.35
1724315755, 77, NaN, 16.35
1724315756, 81, NaN, 16.35
1724315757, 81, NaN, 16.35
1724315758, 81, NaN, 16.35
1724315759, 80, NaN, 16.35
1724315760, 78, 35.0, 16.35
1724315761, 76, 35.0, 16.13
1724315762, 75, 35.0, 16.13
1724315763, 75, 35.0, 16.13
1724315764, 75, 35.0, 16.13
1724315765, 75, 36.0, 16.13
1724315766, 75, 36.0, 16.13
1724315767, 75, 36.0, 16.13
1724315768, 75, 36.0, 16.13
1724315769, 74, 36.0, 16.13
1724315770, 73, NaN, 15.97
1724315771, 72, NaN, 15.97
1724315772, 71, NaN, 15.97
1724315773, 69, NaN, 15.97
1724315774, 69, NaN, 15.97
1724315775, 68, NaN, 15.97
1724315776, 68, NaN, 15.97
1724315777, 68, NaN, 15.97
1724315778, 68, NaN, 15.97
1724315779, 69, NaN, 15.97
1724315780, 69, 29.0, 15.84
1724315781, 71, 29.0, 15.84
1724315782, 72, 29.0, 15.7
1724315783, 72, 29.0, 15.7
1724315784, 72, 29.0, 15.7
1724315785, 72, NaN, 15.7
1724315786, 72, NaN, 15.75
1724315787, 72, NaN, 15.75
1724315788, 72, NaN, 15.87
1724315789, 72, NaN, 15.87
1724315790, 73, NaN, 15.87
1724315791, 74, NaN, 15.87
1724315792, 74, NaN, 15.87
1724315793, 74, NaN, 15.87
1724315794, 74, NaN, 15.9
1724315795, 74, NaN, 15.9
1724315796, 75, NaN, 15.9
1724315797, 75, NaN, 15.9
1724315798, 75, NaN, 15.9
1724315799, 75, NaN, 15.57
1724315800, 75, NaN, 15.57
1724315801, 75, NaN, 15.84
1724315802, 75, NaN, 15.84
1724315803, 75, NaN, 15.84
1724315804, 75, NaN, 15.94
1724315805, 75, NaN, 15.94
1724315806, 75, NaN, 15.94
1724315807, 75, NaN, 15.98
1724315808, 75, NaN, 15.98
1724315809, 76, NaN, 15.98
1724315810, 77, NaN, 15.98
1724315811, 77, NaN, 15.96
1724315812, 77, NaN, 15.96
1724315813, 77, NaN, 15.96
1724315814, 77, NaN, 15.96
1724315815, 77, 30.0, 15.96
1724315816, 76, 30.0, 15.96
1724315817, 76, 30.0, 15.8
1724315818, 76, 30.0, 15.8
1724315819, 77, 30.0, 15.8
1724315820, 77, NaN, 15.8
1724315821, 77, NaN, 15.8
1724315822, 77, NaN, 15.56
1724315823, 77, NaN, 15.56
1724315824, 77, NaN, 15.56
1724315825, 77, 30.0, 15.56
1724315826, 77, 30.0, 15.49
1724315827, 77, 30.0, 15.49
1724315828, 77, 30.0, 15.49
1724315829, 77, 30.0, 15.49
1724315830, 77, 30.0, 15.49
1724315831, 77, 30.0, 15.49
1724315832, 77, 30.0, 15.49
1724315833, 77, 30.0, 14.76
1724315834, 77, 30.0, 14.76
1724315835, 77, 30.0, 14.76
1724315836, 77, 30.0, 14.94
1724315837, 77, 30.0, 15.07
1724315838, 77, 30.0, 15.07
1724315839, 77, 30.0, 15.07
1724315840, 77, 30.0, 15.15
1724315841, 77, 30.0, 15.15
1724315842, 77, 30.0, 15.29
1724315843, 77, 30.0, 15.29
1724315844, 77, 30.0, 15.29
1724315845, 77, 30.0, 15.29
1724315846, 77, 30.0, 15.29
1724315847, 77, 30.0, 15.24
1724315848, 77, 30.0, 15.24
1724315849, 77, 30.0, 15.24
1724315850, 77, 30.0, 15.29
1724315851, 77, 30.0, 15.29
1724315852, 77, 30.0, 15.29
1724315853, 77, 30.0, 15.29
1724315854, 77, 30.0, 15.52
1724315855, 77, 30.0, 15.52
1724315856, 77, 30.0, 15.52
1724315857, 77, 30.0, 15.52
1724315858, 76, 30.0, 15.52
1724315859, 76, 30.0, 15.52
1724315860, 75, NaN, 15.52
1724315861, 75, NaN, 15.52
1724315862, 74, NaN, 15.52
1724315863, 74, NaN, 15.52
1724315864, 75, NaN, 15.52
1724315865, 76, NaN, 15.39
1724315866, 76, NaN, 15.39
1724315867, 77, NaN, 15.39
1724315868, 78, NaN, 15.39
1724315869, 80, NaN, 15.39
1724315870, 80, 32.0, 15.39
1724315871, 80, 32.0, 15.39
1724315872, 80, 32.0, 15.39
1724315873, 80, 32.0, 15.16
1724315874, 80, 32.0, 15.16
1724315875, 80, 34.0, 15.16
1724315876, 80, 34.0, 15.16
1724315877, 80, 34.0, 15.16
1724315878, 80, 34.0, 15.16
1724315879, 80, 34.0, 15.16
1724315880, 80, 36.0, 15.16
1724315881, 80, 36.0, 14.98
1724315882, 80, 36.0, 14.98
1724315883, 80, 36.0, 14.98
1724315884, 80, 36.0, 14.98
1724315885, 80, 39.0, 14.98
1724315886, 81, 39.0, 15.02
1724315887, 81, 39.0, 15.02
1724315888, 81, 39.0, 15.02
1724315889, 82, 39.0, 15.02
1724315890, 82, 41.0, 15.02
1724315891, 82, 41.0, 15.02
1724315892, 82, 41.0, 15.02
1724315893, 82, 41.0, 15.02
1724315894, 82, 41.0, 15.02
1724315895, 82, 42.0, 14.77
1724315896, 81, 42.0, 14.77
1724315897, 82, 42.0, 14.77
1724315898, 82, 42.0, 14.77
1724315899, 82, 42.0, 14.77
1724315900, 83, 44.0, 14.77
1724315901, 83, 44.0, 14.77
1724315902, 82, 44.0, 14.77
1724315903, 82, 44.0, 14.77
1724315904, 83, 44.0, 14.77
1724315905, 82, 42.0, 14.77
1724315906, 82, 42.0, 14.77
1724315907, 82, 42.0, 14.77
1724315908, 82, 42.0, 14.36
1724315909, 82, 42.0, 14.36
1724315910, 81, 42.0, 14.36
1724315911, 81, 42.0, 14.36
1724315912, 81, 42.0, 14.36
1724315913, 82, 42.0, 14.36
1724315914, 83, 42.0, 14.36
1724315915, 84, 43.0, 14.36
1724315916, 87, 43.0, 14.36
1724315917, 88, 43.0, 14.36
1724315918, 87, 43.0, 14.36
1724315919, 85, 43.0, 14.01
1724315920, 83, 44.0, 14.01
1724315921, 82, 44.0, 14.01
1724315922, 82, 44.0, 14.01
1724315923, 82, 44.0, 14.09
1724315924, 82, 44.0, 14.09
1724315925, 82, 41.0, 14.09
1724315926, 82, 41.0, 14.09
1724315927, 82, 41.0, 14.09
1724315928, 82, 41.0, 13.91
1724315929, 82, 41.0, 13.91
1724315930, 81, 39.0, 13.91
1724315931, 81, 39.0, 13.91
1724315932, 82, 39.0, 13.91
1724315933, 83, 39.0, 13.91
1724315934, 83, 39.0, 13.91
1724315935, 83, 43.0, 13.91
1724315936, 83, 43.0, 13.91
1724315937, 84, 43.0, 13.91
1724315938, 85, 43.0, 13.91
1724315939, 85, 43.0, 13.6
1724315940, 85, 46.0, 13.6
1724315941, 85, 46.0, 13.6
1724315942, 84, 46.0, 13.6
1724315943, 84, 46.0, 13.76
1724315944, 83, 46.0, 13.76
1724315945, 82, 48.0, 13.76
1724315946, 81, 48.0, 13.76
1724315947, 79, 48.0, 13.76
1724315948, 77, 48.0, 13.76
1724315949, 75, 48.0, 13.76
1724315950, 74, 49.0, 13.76
1724315951, 73, 49.0, 13.76
1724315952, 73, 49.0, 13.58
1724315953, 72, 49.0, 13.7
1724315954, 72, 49.0, 13.7
1724315955, 72, 45.0, 13.7
1724315956, 73, 45.0, 13.7
1724315957, 73, 45.0, 13.73
1724315958, 74, 45.0, 13.73
1724315959, 75, 45.0, 13.73
1724315960, 75, 41.0, 13.73
1724315961, 75, 41.0, 13.73
1724315962, 75, 41.0, 13.67
1724315963, 75, 41.0, 13.67
1724315964, 75, 41.0, 13.67
1724315965, 75, 32.0, 13.67
1724315966, 74, 32.0, 13.8
1724315967, 74, 32.0, 13.8
1724315968, 74, 32.0, 13.8
1724315969, 74, 32.0, 13.8
1724315970, 74, NaN, 14.12
1724315971, 75, NaN, 14.12
1724315972, 75, NaN, 14.12
1724315973, 75, NaN, 14.12
1724315974, 76, NaN, 14.12
1724315975, 77, 24.0, 14.7
1724315976, 78, 24.0, 14.95
1724315977, 79, 24.0, 14.95
1724315978, 80, 24.0, 14.95
1724315979, 80, 24.0, 14.95
1724315980, 80, 22.0, 14.95
1724315981, 80, 22.0, 14.95
1724315982, 80, 22.0, 14.95
1724315983, 80, 22.0, 14.95
1724315984, 79, 22.0, 14.95
1724315985, 79, 23.0, 14.95
1724315986, 79, 23.0, 14.95
1724315987, 79, 23.0, 14.67
1724315988, 79, 23.0, 14.67
1724315989, 79, 23.0, 14.67
1724315990, 79, 24.0, 14.67
1724315991, 78, 24.0, 14.67
1724315992, 78, 24.0, 14.67
1724315993, 78, 24.0, 14.67
1724315994, 77, 24.0, 14.67
1724315995, 77, 27.0, 14.67
1724315996, 77, 27.0, 14.67
1724315997, 77, 27.0, 14.67
1724315998, 77, 27.0, 14.47
1724315999, 78, 27.0, 14.47
1724316000, 78, 27.0, 14.47
1724316001, 78, 27.0, 14.47
1724316002, 79, 27.0, 14.47
1724316003, 79, 27.0, 14.47
1724316004, 79, 27.0, 14.47
1724316005, 79, 28.0, 14.47
1724316006, 80, 28.0, 14.47
1724316007, 84, 28.0, 14.47
1724316008, 94, 28.0, 14.47
1724316009, 101, 28.0, 14.28
1724316010, 104, 30.0, 14.28
1724316011, 106, 30.0, 14.28
1724316012, 108, 30.0, 14.28
1724316013, 108, 30.0, 14.24
1724316014, 108, 30.0, 14.24
1724316015, 107, 39.0, 14.24
1724316016, 107, 39.0, 14.24
1724316017, 107, 39.0, 14.24
1724316018, 106, 39.0, 14.24
1724316019, 106, 39.0, 14.24
1724316020, 106, 51.0, 13.91
1724316021, 105, 51.0, 13.91
1724316022, 104, 51.0, 13.91
1724316023, 103, 51.0, 13.94
1724316024, 102, 51.0, 13.94
1724316025, 102, 57.0, 13.94
1724316026, 103, 57.0, 13.94
1724316027, 103, 57.0, 13.94
1724316028, 102, 57.0, 13.84
1724316029, 102, 57.0, 13.84
1724316030, 101, 65.0, 13.84
1724316031, 99, 65.0, 13.84
1724316032, 98, 65.0, 13.84
1724316033, 98, 65.0, 13.84
1724316034, 97, 65.0, 13.84
1724316035, 93, 72.0, 13.84
1724316036, 87, 72.0, 13.17
1724316037, 85, 72.0, 13.17
1724316038, 84, 72.0, 13.17
1724316039, 83, 72.0, 13.17
1724316040, 82, 78.0, 13.17
1724316041, 81, 78.0, 12.73
1724316042, 81, 78.0, 12.73
1724316043, 81, 78.0, 12.73
1724316044, 81, 78.0, 12.73
1724316045, 81, 72.0, 12.73
1724316046, 81, 72.0, 12.57
1724316047, 82, 72.0, 12.57
1724316048, 82, 72.0, 12.57
1724316049, 83, 72.0, 12.57
1724316050, 83, 63.0, 12.57
1724316051, 83, 63.0, 12.57
1724316052, 83, 63.0, 12.57
1724316053, 84, 63.0, 12.57
1724316054, 85, 63.0, 12.57
1724316055, 85, 57.0, 11.67
1724316056, 86, 57.0, 11.67
1724316057, 86, 57.0, 11.67
1724316058, 86, 57.0, 11.67
1724316059, 87, 57.0, 11.67
1724316060, 89, 51.0, 11.67
1724316061, 89, 51.0, 11.67
1724316062, 91, 51.0, 11.67
1724316063, 91, 51.0, 11.67
1724316064, 91, 51.0, 11.67
1724316065, 92, 43.0, 11.67
1724316066, 93, 43.0, 11.67
1724316067, 93, 43.0, 11.67
1724316068, 92, 43.0, 11.03
1724316069, 92, 43.0, 11.03
1724316070, 92, 42.0, 11.03
1724316071, 91, 42.0, 10.83
1724316072, 91, 42.0, 10.83
1724316073, 91, 42.0, 10.83
1724316074, 90, 42.0, 10.83
1724316075, 89, 45.0, 10.83
1724316076, 88, 45.0, 10.83
1724316077, 89, 45.0, 10.83
1724316078, 89, 45.0, 10.83
1724316079, 90, 45.0, 10.97
1724316080, 89, 48.0, 11.09
1724316081, 89, 48.0, 11.09
1724316082, 89, 48.0, 11.09
1724316083, 88, 48.0, 11.25
1724316084, 87, 48.0, 11.25
1724316085, 86, 54.0, 11.25
1724316086, 86, 54.0, 11.25
1724316087, 84, 54.0, 11.25
1724316088, 84, 54.0, 11.3
1724316089, 84, 54.0, 11.3
1724316090, 84, 59.0, 11.3
1724316091, 85, 59.0, 11.3
1724316092, 85, 59.0, 11.48
1724316093, 85, 59.0, 11.48
1724316094, 84, 59.0, 11.76
1724316095, 84, 65.0, 11.76
1724316096, 83, 65.0, 11.76
1724316097, 83, 65.0, 11.76
1724316098, 83, 65.0, 11.76
1724316099, 83, 65.0, 11.76
1724316100, 82, 62.0, 11.76
1724316101, 82, 62.0, 11.76
1724316102, 83, 62.0, 11.76
1724316103, 87, 62.0, 11.73
1724316104, 89, 62.0, 11.79
1724316105, 90, 63.0, 11.79
1724316106, 90, 63.0, 11.79
1724316107, 89, 63.0, 11.79
1724316108, 89, 63.0, 11.79
1724316109, 88, 63.0, 11.79
1724316110, 88, 65.0, 11.79
1724316111, 87, 65.0, 11.79
1724316112, 87, 65.0, 11.79
1724316113, 87, 65.0, 11.79
1724316114, 86, 65.0, 11.77
1724316115, 85, 65.0, 11.77
1724316116, 84, 65.0, 11.77
1724316117, 83, 65.0, 11.77
1724316118, 82, 65.0, 11.77
1724316119, 81, 65.0, 11.77
1724316120, 80, 63.0, 11.77
1724316121, 78, 63.0, 11.77
1724316122, 75, 63.0, 11.77
1724316123, 75, 63.0, 11.77
1724316124, 76, 63.0, 11.77
1724316125, 78, NaN, 11.68
1724316126, 81, NaN, 11.68
1724316127, 82, NaN, 11.83
1724316128, 82, NaN, 11.83
1724316129, 79, NaN, 11.83
1724316130, 75, 60.0, 11.9
1724316131, 70, 60.0, 11.9
1724316132, 69, 60.0, 11.9
1724316133, 69, 60.0, 12.0
1724316134, 70, 60.0, 12.0
1724316135, 70, NaN, 12.0
1724316136, 70, NaN, 12.06
1724316137, 71, NaN, 12.06
1724316138, 71, NaN, 12.06
1724316139, 71, NaN, 12.63
1724316140, 71, NaN, 12.63
1724316141, 71, NaN, 12.63
1724316142, 71, NaN, 12.63
1724316143, 71, NaN, 12.9
1724316144, 71, NaN, 12.9
1724316145, 72, NaN, 12.9
1724316146, 72, NaN, 13.49
1724316147, 72, NaN, 13.49
1724316148, 72, NaN, 13.49
1724316149, 72, NaN, 13.49
1724316150, 72, NaN, 13.49
1724316151, 71, NaN, 13.49
1724316152, 71, NaN, 13.49
1724316153, 73, NaN, 13.42
1724316154, 73, NaN, 13.42
1724316155, 73, NaN, 13.42
1724316156, 72, NaN, 13.42
1724316157, 72, NaN, 13.42
1724316158, 71, NaN, 13.35
1724316159, 71, NaN, 13.35
1724316160, 71, NaN, 13.35
1724316161, 71, NaN, 13.44
1724316162, 72, NaN, 13.44
1724316163, 72, NaN, 13.44
1724316164, 72, NaN, 13.49
1724316165, 71, NaN, 13.49
1724316166, 71, NaN, 13.49
1724316167, 69, NaN, 13.49
1724316168, 66, NaN, 13.49
1724316169, 66, NaN, 13.43
1724316170, 66, NaN, 13.43
1724316171, 66, NaN, 13.43
1724316172, 66, NaN, 13.43
1724316173, 66, NaN, 13.43
1724316174, 66, NaN, 13.36
1724316175, 67, 27.0, 13.36
1724316176, 68, 27.0, 13.36
1724316177, 70, 27.0, 13.36
1724316178, 71, 27.0, 13.72
1724316179, 73, 27.0, 13.72
1724316180, 73, NaN, 13.72
1724316181, 77, NaN, 13.83
1724316182, 77, NaN, 13.83
1724316183, 78, NaN, 13.83
1724316184, 78, NaN, 13.83
1724316185, 78, 29.0, 13.83
1724316186, 78, 29.0, 13.83
1724316187, 78, 29.0, 14.1
1724316188, 78, 29.0, 14.1
1724316189, 78, 29.0, 14.1
1724316190, 77, 24.0, 14.1
1724316191, 78, 24.0, 14.1
1724316192, 79, 24.0, 14.1
1724316193, 80, 24.0, 14.1
1724316194, 83, 24.0, 14.1
1724316195, 85, 25.0, 14.1
1724316196, 86, 25.0, 14.1
1724316197, 86, 25.0, 14.1
1724316198, 86, 25.0, 14.1
1724316199, 86, 25.0, 13.94
1724316200, 86, 32.0, 13.94
1724316201, 86, 32.0, 13.94
1724316202, 86, 32.0, 13.94
1724316203, 86, 32.0, 13.94
1724316204, 85, 32.0, 13.94
1724316205, 85, 40.0, 13.94
1724316206, 85, 40.0, 13.94
1724316207, 84, 40.0, 13.83
1724316208, 83, 40.0, 13.83
1724316209, 82, 40.0, 13.83
1724316210, 82, 41.0, 13.83
1724316211, 81, 41.0, 13.83
1724316212, 81, 41.0, 13.83
1724316213, 81, 41.0, 13.83
1724316214, 82, 41.0, 13.83
1724316215, 82, 44.0, 13.83
1724316216, 83, 44.0, 13.83
1724316217, 84, 44.0, 13.83
1724316218, 84, 44.0, 13.83
1724316219, 83, 44.0, 13.83
1724316220, 82, 47.0, 13.83
1724316221, 81, 47.0, 13.83
1724316222, 79, 47.0, 13.83
1724316223, 78, 47.0, 13.87
1724316224, 78, 47.0, 13.87
1724316225, 78, 50.0, 13.87
1724316226, 78, 50.0, 13.87
1724316227, 77, 50.0, 14.01
1724316228, 77, 50.0, 14.01
1724316229, 77, 50.0, 14.01
1724316230, 76, 46.0, 14.01
1724316231, 76, 46.0, 14.01
1724316232, 75, 46.0, 14.01
1724316233, 74, 46.0, 14.01
1724316234, 73, 46.0, 13.95
1724316235, 73, 37.0, 13.95
1724316236, 73, 37.0, 13.95
1724316237, 73, 37.0, 13.95
1724316238, 72, 37.0, 14.04
1724316239, 72, 37.0, 14.04
1724316240, 72, 33.0, 14.04
1724316241, 73, 33.0, 14.04
1724316242, 73, 33.0, 13.99
1724316243, 73, 33.0, 13.99
1724316244, 73, 33.0, 13.99
1724316245, 74, 27.0, 13.99
1724316246, 75, 27.0, 14.02
1724316247, 76, 27.0, 14.02
1724316248, 77, 27.0, 14.02
1724316249, 77, 27.0, 14.14
1724316250, 78, 26.0, 14.14
1724316251, 78, 26.0, 14.14
1724316252, 78, 26.0, 14.31
1724316253, 78, 26.0, 14.31
1724316254, 78, 26.0, 14.31
1724316255, 78, 24.0, 14.59
1724316256, 78, 24.0, 14.59
1724316257, 78, 24.0, 15.49
1724316258, 78, 24.0, 15.49
1724316259, 78, 24.0, 15.49
1724316260, 79, 23.0, 15.49
1724316261, 79, 23.0, 16.61
1724316262, 79, 23.0, 16.61
1724316263, 80, 23.0, 16.61
1724316264, 80, 23.0, 16.61
1724316265, 81, 24.0, 16.61
1724316266, 81, 24.0, 16.44
1724316267, 81, 24.0, 16.44
1724316268, 81, 24.0, 16.44
1724316269, 81, 24.0, 16.44
1724316270, 81, 24.0, 16.44
1724316271, 81, 24.0, 16.4
1724316272, 81, 24.0, 16.4
1724316273, 81, 24.0, 16.4
1724316274, 81, 24.0, 16.4
1724316275, 81, 29.0, 16.4
1724316276, 82, 29.0, 16.4
1724316277, 82, 29.0, 16.4
1724316278, 82, 29.0, 16.4
1724316279, 82, 29.0, 16.4
1724316280, 82, 31.0, NaN
1724316281, NaN, 31.0, NaN
1724316282, NaN, 31.0, NaN
