Timestamp, HR(bpm), Stress(ms), Resp(brpm)
1724320793, 68, 21.0, NaN
1724320794, 67, 21.0, NaN
1724320795, 67, 21.0, NaN
1724320796, 66, 18.0, NaN
1724320797, 66, 18.0, NaN
1724320798, 66, 18.0, NaN
1724320799, 65, 18.0, NaN
1724320800, 65, 18.0, NaN
1724320801, 65, 13.0, NaN
1724320802, 65, 13.0, NaN
1724320803, 65, 13.0, NaN
1724320804, 64, 13.0, NaN
1724320805, 63, 13.0, 12.61
1724320806, 63, 7.0, 12.61
1724320807, 63, 7.0, 12.61
1724320808, 63, 7.0, 12.61
1724320809, 63, 7.0, 12.61
1724320810, 63, 7.0, 12.61
1724320811, 63, 9.0, 12.61
1724320812, 63, 9.0, 12.61
1724320813, 63, 9.0, 12.82
1724320814, 62, 9.0, 12.76
1724320815, 62, 9.0, 12.76
1724320816, 62, 7.0, 12.76
1724320817, 63, 7.0, 12.76
1724320818, 64, 7.0, 12.92
1724320819, 66, 7.0, 12.92
1724320820, 70, 7.0, 12.92
1724320821, 73, 10.0, 12.92
1724320822, 76, 10.0, 13.01
1724320823, 77, 10.0, 13.01
1724320824, 76, 10.0, 13.2
1724320825, 76, 10.0, 13.2
1724320826, 76, NaN, 13.2
1724320827, 76, NaN, 13.2
1724320828, 76, NaN, 13.2
1724320829, 76, NaN, 13.2
1724320830, 76, NaN, 13.2
1724320831, 76, NaN, 13.2
1724320832, 75, NaN, 13.2
1724320833, 75, NaN, 13.2
1724320834, 75, NaN, 13.2
1724320835, 74, NaN, 13.14
1724320836, 74, 12.0, 13.14
1724320837, 73, 12.0, 13.14
1724320838, 73, 12.0, 13.14
1724320839, 73, 12.0, 13.14
1724320840, 72, 12.0, 13.14
1724320841, 73, 13.0, 13.14
1724320842, 73, 13.0, 13.14
1724320843, 75, 13.0, 13.14
1724320844, 79, 13.0, 13.14
1724320845, 81, 13.0, 13.14
1724320846, 83, 15.0, 13.14
1724320847, 84, 15.0, 13.14
1724320848, 85, 15.0, 13.14
1724320849, 85, 15.0, 13.08
1724320850, 86, 15.0, 13.08
1724320851, 86, 21.0, 13.08
1724320852, 86, 21.0, 13.08
1724320853, 85, 21.0, 13.08
1724320854, 84, 21.0, 13.08
1724320855, 84, 21.0, 13.08
1724320856, 84, 24.0, 13.08
1724320857, 84, 24.0, 13.08
1724320858, 84, 24.0, 13.03
1724320859, 83, 24.0, 13.03
1724320860, 83, 24.0, 13.03
1724320861, 83, 28.0, 13.03
1724320862, 84, 28.0, 13.03
1724320863, 85, 28.0, 13.03
1724320864, 86, 28.0, 13.0
1724320865, 86, 28.0, 13.0
1724320866, 87, 38.0, 13.0
1724320867, 87, 38.0, 12.85
1724320868, 87, 38.0, 12.85
1724320869, 87, 38.0, 12.85
1724320870, 87, 38.0, 12.85
1724320871, 86, 48.0, 12.85
1724320872, 86, 48.0, 12.85
1724320873, 86, 48.0, 12.85
1724320874, 86, 48.0, 12.85
1724320875, 86, 48.0, 12.85
1724320876, 86, 58.0, 12.85
1724320877, 86, 58.0, 12.38
1724320878, 86, 58.0, 12.55
1724320879, 86, 58.0, 12.55
1724320880, 86, 58.0, 12.55
1724320881, 85, 64.0, 12.67
1724320882, 83, 64.0, 12.67
1724320883, 83, 64.0, 12.67
1724320884, 83, 64.0, 12.67
1724320885, 84, 64.0, 12.67
1724320886, 85, 64.0, 12.67
1724320887, 85, 64.0, 12.67
1724320888, 85, 64.0, 12.67
1724320889, 85, 64.0, 12.6
1724320890, 85, 64.0, 12.6
1724320891, 85, 65.0, 12.6
1724320892, 85, 65.0, 12.6
1724320893, 85, 65.0, 12.6
1724320894, 85, 65.0, 12.57
1724320895, 86, 65.0, 12.57
1724320896, 86, 65.0, 12.57
1724320897, 86, 65.0, 12.57
1724320898, 86, 65.0, 12.57
1724320899, 86, 65.0, 12.57
1724320900, 86, 65.0, 12.57
1724320901, 86, 65.0, 12.57
1724320902, 86, 65.0, 12.57
1724320903, 86, 65.0, 12.61
1724320904, 86, 65.0, 12.61
1724320905, 86, 65.0, 12.61
1724320906, 86, 65.0, 12.61
1724320907, 86, 65.0, 12.61
1724320908, 86, 65.0, 12.61
1724320909, 86, 65.0, 12.61
1724320910, 85, 65.0, 12.61
1724320911, 84, 65.0, 12.61
1724320912, 84, 65.0, 12.11
1724320913, 84, 65.0, 12.11
1724320914, 83, 65.0, 12.32
1724320915, 83, 65.0, 12.32
1724320916, 83, 63.0, 12.45
1724320917, 83, 63.0, 12.45
1724320918, 83, 63.0, 12.45
1724320919, 83, 63.0, 12.45
1724320920, 83, 63.0, 12.45
1724320921, 83, 62.0, 12.45
1724320922, 82, 62.0, 12.47
1724320923, 82, 62.0, 12.47
1724320924, 82, 62.0, 12.47
1724320925, 82, 62.0, 12.47
1724320926, 82, 59.0, 12.46
1724320927, 82, 59.0, 12.46
1724320928, 82, 59.0, 12.64
1724320929, 82, 59.0, 12.64
1724320930, 82, 59.0, 12.64
1724320931, 83, 57.0, 12.64
1724320932, 83, 57.0, 12.64
1724320933, 83, 57.0, 12.64
1724320934, 83, 57.0, 12.64
1724320935, 83, 57.0, 12.64
1724320936, 83, 54.0, 12.58
1724320937, 82, 54.0, 12.58
1724320938, 81, 54.0, 12.58
1724320939, 79, 54.0, 12.6
1724320940, 78, 54.0, 12.6
1724320941, 78, 50.0, 12.6
1724320942, 78, 50.0, 12.81
1724320943, 78, 50.0, 12.81
1724320944, 78, 50.0, 12.81
1724320945, 78, 50.0, 13.01
1724320946, 79, 46.0, 13.01
1724320947, 80, 46.0, 13.01
1724320948, 80, 46.0, 13.01
1724320949, 80, 46.0, 13.01
1724320950, 80, 46.0, 13.15
1724320951, 80, 44.0, 13.15
1724320952, 80, 44.0, 13.15
1724320953, 80, 44.0, 13.15
1724320954, 80, 44.0, 13.15
1724320955, 80, 44.0, 13.15
1724320956, 80, 42.0, 13.15
1724320957, 81, 42.0, 13.15
1724320958, 81, 42.0, 13.15
1724320959, 83, 42.0, 13.15
1724320960, 84, 42.0, 13.15
1724320961, 85, 40.0, 13.15
1724320962, 85, 40.0, 13.03
1724320963, 84, 40.0, 13.03
1724320964, 85, 40.0, 13.03
1724320965, 85, 40.0, 13.03
1724320966, 85, 43.0, 13.03
1724320967, 86, 43.0, 13.03
1724320968, 85, 43.0, 13.03
1724320969, 86, 43.0, 13.03
1724320970, 86, 43.0, 13.03
1724320971, 86, 47.0, 12.93
1724320972, 86, 47.0, 12.93
1724320973, 86, 47.0, 12.93
1724320974, 87, 47.0, 12.93
1724320975, 87, 47.0, 12.93
1724320976, 87, 53.0, 12.93
1724320977, 87, 53.0, 12.93
1724320978, 86, 53.0, 13.04
1724320979, 86, 53.0, 13.04
1724320980, 87, 53.0, 13.04
1724320981, 87, 58.0, 13.04
1724320982, 87, 58.0, 13.04
1724320983, 87, 58.0, 13.04
1724320984, 87, 58.0, 13.04
1724320985, 86, 58.0, 13.02
1724320986, 86, 63.0, 13.02
1724320987, 86, 63.0, 13.02
1724320988, 86, 63.0, 13.06
1724320989, 86, 63.0, 13.06
1724320990, 86, 63.0, 13.06
1724320991, 86, 68.0, 13.06
1724320992, 86, 68.0, 13.06
1724320993, 86, 68.0, 12.97
1724320994, 86, 68.0, 12.97
1724320995, 86, 68.0, 12.97
1724320996, 85, 66.0, 13.21
1724320997, 84, 66.0, 13.21
1724320998, 82, 66.0, 13.21
1724320999, 81, 66.0, 13.21
1724321000, 79, 66.0, 13.21
1724321001, 78, 63.0, 13.17
1724321002, 77, 63.0, 13.17
1724321003, 76, 63.0, 13.17
1724321004, 75, 63.0, 13.17
1724321005, 74, 63.0, 13.26
1724321006, 74, 60.0, 13.26
1724321007, 74, 60.0, 13.26
1724321008, 74, 60.0, 13.48
1724321009, 75, 60.0, 13.48
1724321010, 74, 60.0, 13.48
1724321011, 75, NaN, 13.48
1724321012, 75, NaN, 13.48
1724321013, 76, NaN, 13.43
1724321014, 77, NaN, 13.43
1724321015, 78, NaN, 13.43
1724321016, 78, 51.0, 13.43
1724321017, 77, 51.0, 13.58
1724321018, 78, 51.0, 13.58
1724321019, 78, 51.0, 13.58
1724321020, 78, 51.0, 13.58
1724321021, 76, 43.0, 13.8
1724321022, 76, 43.0, 13.8
1724321023, 75, 43.0, 13.8
1724321024, 75, 43.0, 14.2
1724321025, 75, 43.0, 14.2
1724321026, 75, 38.0, 14.48
1724321027, 75, 38.0, 14.48
1724321028, 75, 38.0, 14.48
1724321029, 75, 38.0, 14.48
1724321030, 75, 38.0, 14.48
1724321031, 76, 33.0, 14.85
1724321032, 76, 33.0, 14.85
1724321033, 77, 33.0, 14.93
1724321034, 77, 33.0, 14.93
1724321035, 77, 33.0, 14.93
1724321036, 77, 30.0, 14.93
1724321037, 77, 30.0, 14.93
1724321038, 77, 30.0, 14.93
1724321039, 78, 30.0, 15.31
1724321040, 79, 30.0, 15.31
1724321041, 79, 31.0, 15.31
1724321042, 80, 31.0, 15.31
1724321043, 81, 31.0, 15.31
1724321044, 81, 31.0, 15.31
1724321045, 81, 31.0, 15.31
1724321046, 80, 32.0, 15.31
1724321047, 80, 32.0, 15.31
1724321048, 79, 32.0, 15.31
1724321049, 78, 32.0, 15.31
1724321050, 77, 32.0, 15.31
1724321051, 75, 33.0, 15.31
1724321052, 74, 33.0, 15.31
1724321053, 72, 33.0, 15.31
1724321054, 71, 33.0, 15.31
1724321055, 70, 33.0, 15.31
1724321056, 70, NaN, 15.31
1724321057, 69, NaN, 15.31
1724321058, 69, NaN, 15.31
1724321059, 69, NaN, 15.31
1724321060, 69, NaN, 15.31
1724321061, 69, NaN, 15.31
1724321062, 69, NaN, 15.31
1724321063, 69, NaN, 15.31
1724321064, 69, NaN, 15.31
1724321065, 69, NaN, 15.19
1724321066, 69, NaN, 15.19
1724321067, 69, NaN, 15.23
1724321068, 69, NaN, 15.23
1724321069, 69, NaN, 15.23
1724321070, 69, NaN, 15.23
1724321071, 69, NaN, 15.23
1724321072, 70, NaN, 15.23
1724321073, 71, NaN, 15.23
1724321074, 71, NaN, 15.23
1724321075, 72, NaN, 15.18
1724321076, 73, NaN, 15.18
1724321077, 73, NaN, 15.18
1724321078, 73, NaN, 15.18
1724321079, 74, NaN, 15.18
1724321080, 74, NaN, 15.18
1724321081, 74, NaN, 15.18
1724321082, 75, NaN, 15.18
1724321083, 75, NaN, 15.18
1724321084, 75, NaN, 15.18
1724321085, 75, NaN, 15.18
1724321086, 74, NaN, 15.09
1724321087, 75, NaN, 15.09
1724321088, 74, NaN, 15.09
1724321089, 75, NaN, 15.09
1724321090, 75, NaN, 15.09
1724321091, 75, NaN, 15.09
1724321092, 76, NaN, 15.09
1724321093, 77, NaN, 15.09
1724321094, 77, NaN, 15.09
1724321095, 77, NaN, 15.09
1724321096, 77, NaN, 15.09
1724321097, 77, NaN, 15.09
1724321098, 77, NaN, 15.09
1724321099, 76, NaN, 15.09
1724321100, 76, NaN, 15.09
1724321101, 75, NaN, 15.09
1724321102, 75, NaN, 15.09
1724321103, 74, NaN, 15.09
1724321104, 74, NaN, 15.09
1724321105, 74, NaN, 15.09
1724321106, 73, NaN, 14.84
1724321107, 73, NaN, 14.84
1724321108, 73, NaN, 14.84
1724321109, 73, NaN, 14.84
1724321110, 73, NaN, 14.94
1724321111, 73, NaN, 14.94
1724321112, 73, NaN, 14.94
1724321113, 72, NaN, 15.08
1724321114, 72, NaN, 15.08
1724321115, 72, NaN, 15.08
1724321116, 72, NaN, 15.08
1724321117, 72, NaN, 15.08
1724321118, 71, NaN, 15.08
1724321119, 71, NaN, 15.08
1724321120, 72, NaN, 14.93
1724321121, 72, NaN, 14.93
1724321122, 72, NaN, 14.93
1724321123, 72, NaN, 14.93
1724321124, 72, NaN, 14.93
1724321125, 72, NaN, 14.93
1724321126, 73, NaN, 14.83
1724321127, 73, NaN, 14.83
1724321128, 73, NaN, 14.83
1724321129, 74, NaN, 14.83
1724321130, 74, NaN, 14.83
1724321131, 74, NaN, 14.83
1724321132, 74, NaN, 14.83
1724321133, 74, NaN, 14.65
1724321134, 74, NaN, 14.65
1724321135, 73, NaN, 14.65
1724321136, 73, NaN, 14.65
1724321137, 72, NaN, 14.63
1724321138, 70, NaN, 14.63
1724321139, 69, NaN, 14.63
1724321140, 69, NaN, 14.84
1724321141, 69, NaN, 14.84
1724321142, 68, NaN, 14.84
1724321143, 68, NaN, 14.84
1724321144, 68, NaN, 14.82
1724321145, 68, NaN, 14.82
1724321146, 69, 20.0, 15.08
1724321147, 69, 20.0, 15.08
1724321148, 70, 20.0, 15.08
1724321149, 71, 20.0, 15.35
1724321150, 72, 20.0, 15.35
1724321151, 72, NaN, 15.35
1724321152, 77, NaN, 15.6
1724321153, 79, NaN, 15.6
1724321154, 79, NaN, 15.6
1724321155, 78, NaN, 15.6
1724321156, 77, 24.0, 15.67
1724321157, 77, 24.0, 15.67
1724321158, 77, 24.0, 15.67
1724321159, 76, 24.0, 15.67
1724321160, 76, 24.0, 15.97
1724321161, 76, 27.0, 15.97
1724321162, 76, 27.0, 15.97
1724321163, 76, 27.0, 15.97
1724321164, 75, 27.0, 15.97
1724321165, 76, 27.0, 15.76
1724321166, 76, NaN, 15.76
1724321167, 76, NaN, 15.76
1724321168, 77, NaN, 15.76
1724321169, 77, NaN, 15.76
1724321170, 77, NaN, 15.76
1724321171, 77, NaN, 15.76
1724321172, 77, NaN, 15.76
1724321173, 77, NaN, 15.59
1724321174, 77, NaN, 15.59
1724321175, 77, NaN, 15.59
1724321176, 77, 35.0, 15.59
1724321177, 77, 35.0, 15.59
1724321178, 77, 35.0, 15.59
1724321179, 77, 35.0, 15.59
1724321180, 78, 35.0, 15.32
1724321181, 78, 35.0, 15.32
1724321182, 78, 35.0, 15.32
1724321183, 79, 35.0, 15.32
1724321184, 79, 35.0, 15.29
1724321185, 80, 35.0, 15.29
1724321186, 80, 36.0, 15.29
1724321187, 80, 36.0, 15.29
1724321188, 80, 36.0, 15.46
1724321189, 80, 36.0, 15.46
1724321190, 80, 36.0, 15.46
1724321191, 81, 37.0, 15.46
1724321192, 81, 37.0, 15.46
1724321193, 80, 37.0, 15.46
1724321194, 80, 37.0, 15.31
1724321195, 80, 37.0, 15.31
1724321196, 79, 37.0, 15.44
1724321197, 79, 37.0, 15.44
1724321198, 79, 37.0, 15.44
1724321199, 79, 37.0, 15.44
1724321200, 78, 37.0, 15.44
1724321201, 78, 36.0, 15.44
1724321202, 78, 36.0, 15.44
1724321203, 78, 36.0, 15.35
1724321204, 78, 36.0, 15.35
1724321205, 77, 36.0, 15.35
1724321206, 77, 36.0, 15.35
1724321207, 77, 36.0, 15.35
1724321208, 77, 36.0, 15.35
1724321209, 77, 36.0, 15.35
1724321210, 77, 36.0, 15.35
1724321211, 77, 30.0, 15.35
1724321212, 76, 30.0, 15.35
1724321213, 75, 30.0, 15.25
1724321214, 74, 30.0, 15.25
1724321215, 75, 30.0, 15.25
1724321216, 75, 27.0, 15.34
1724321217, 75, 27.0, 15.34
1724321218, 76, 27.0, 15.34
1724321219, 77, 27.0, 15.34
1724321220, 77, 27.0, 15.29
1724321221, 77, 23.0, 15.29
1724321222, 77, 23.0, 15.29
1724321223, 77, 23.0, 15.29
1724321224, 78, 23.0, 15.29
1724321225, 77, 23.0, 15.29
1724321226, 77, 23.0, 15.21
1724321227, 77, 23.0, 15.21
1724321228, 78, 23.0, 15.21
1724321229, 78, 23.0, 15.34
1724321230, 79, 23.0, 15.34
1724321231, 81, 23.0, 15.53
1724321232, 83, 23.0, 15.53
1724321233, 83, 23.0, 15.53
1724321234, 84, 23.0, 15.55
1724321235, 83, 23.0, 15.55
1724321236, 82, 22.0, 15.55
1724321237, 81, 22.0, 15.55
1724321238, 81, 22.0, 15.55
1724321239, 81, 22.0, 15.55
1724321240, 82, 22.0, 15.55
1724321241, 83, 24.0, 15.44
1724321242, 84, 24.0, 15.44
1724321243, 86, 24.0, 15.44
1724321244, 87, 24.0, 15.52
1724321245, 87, 24.0, 15.52
1724321246, 86, 24.0, 15.52
1724321247, 86, 24.0, 15.52
1724321248, 86, 24.0, 15.52
1724321249, 85, 24.0, 15.44
1724321250, 85, 24.0, 15.44
1724321251, 84, 30.0, 15.44
1724321252, 84, 30.0, 15.44
1724321253, 84, 30.0, 15.44
1724321254, 84, 30.0, 15.44
1724321255, 84, 30.0, 15.44
1724321256, 83, 30.0, 15.44
1724321257, 83, 30.0, 15.44
1724321258, 82, 30.0, 15.44
1724321259, 81, 30.0, 15.44
1724321260, 80, 30.0, 15.44
1724321261, 79, 33.0, 15.44
1724321262, 78, 33.0, 15.44
1724321263, 78, 33.0, 15.44
1724321264, 77, 33.0, 15.44
1724321265, 77, 33.0, 15.44
1724321266, 77, 33.0, 15.08
1724321267, 76, 33.0, 15.08
1724321268, 76, 33.0, 15.08
1724321269, 76, 33.0, 15.08
1724321270, 76, 33.0, 15.08
1724321271, 76, 33.0, 15.08
1724321272, 76, 33.0, 15.08
1724321273, 76, 33.0, 15.08
1724321274, 75, 33.0, 15.08
1724321275, 73, 33.0, 15.08
1724321276, 70, NaN, 15.08
1724321277, 68, NaN, 15.08
1724321278, 68, NaN, 15.08
1724321279, 67, NaN, 14.76
1724321280, 68, NaN, 14.76
1724321281, 67, 29.0, 14.76
1724321282, 68, 29.0, 14.76
1724321283, 68, 29.0, 14.76
1724321284, 69, 29.0, 14.76
1724321285, 70, 29.0, 14.76
1724321286, 72, 25.0, 14.76
1724321287, 73, 25.0, 14.76
1724321288, 73, 25.0, 14.76
1724321289, 73, 25.0, 14.47
1724321290, 73, 25.0, 14.47
1724321291, 74, 21.0, 14.47
1724321292, 74, 21.0, 14.63
1724321293, 74, 21.0, 14.63
1724321294, 74, 21.0, 14.63
1724321295, 74, 21.0, 14.65
1724321296, 74, NaN, 14.65
1724321297, 73, NaN, 14.65
1724321298, 73, NaN, 14.65
1724321299, 73, NaN, 14.69
1724321300, 74, NaN, 14.69
1724321301, 74, 17.0, 14.69
1724321302, 74, 17.0, 14.69
1724321303, 74, 17.0, 14.69
1724321304, 74, 17.0, 14.63
1724321305, 74, 17.0, 14.63
1724321306, 75, 16.0, 14.63
1724321307, 75, 16.0, 14.63
1724321308, 77, 16.0, 14.63
1724321309, 81, 16.0, 14.63
1724321310, 84, 16.0, 14.63
1724321311, 85, 15.0, 14.63
1724321312, 85, 15.0, 14.43
1724321313, 85, 15.0, 14.43
1724321314, 84, 15.0, 14.72
1724321315, 84, 15.0, 14.72
1724321316, 76, 17.0, 14.72
1724321317, 74, 17.0, 14.72
1724321318, 74, 17.0, 14.76
1724321319, 75, 17.0, 14.76
1724321320, 75, 17.0, 14.76
1724321321, 75, 21.0, 14.76
1724321322, 76, 21.0, 14.83
1724321323, 75, 21.0, 14.83
1724321324, 75, 21.0, 15.03
1724321325, 73, 21.0, 15.03
1724321326, 73, 20.0, 15.57
1724321327, 72, 20.0, 15.57
1724321328, 72, 20.0, 15.57
1724321329, 72, 20.0, 15.62
1724321330, 72, 20.0, 15.62
1724321331, 72, NaN, 15.62
1724321332, 73, NaN, 15.62
1724321333, 73, NaN, 15.62
1724321334, 73, NaN, 15.62
1724321335, 72, NaN, 15.5
1724321336, 72, 20.0, 15.5
1724321337, 72, 20.0, 15.63
1724321338, 72, 20.0, 15.63
1724321339, 73, 20.0, 15.63
1724321340, 73, 20.0, 15.63
1724321341, 74, NaN, 15.63
1724321342, 74, NaN, 15.81
1724321343, 74, NaN, 15.81
1724321344, 75, NaN, 15.85
1724321345, 74, NaN, 15.85
1724321346, 74, 19.0, 15.85
1724321347, 74, 19.0, 15.99
1724321348, 74, 19.0, 15.99
1724321349, 75, 19.0, 15.99
1724321350, 75, 19.0, 15.99
1724321351, 75, 12.0, 15.82
1724321352, 75, 12.0, 15.82
1724321353, 76, 12.0, 15.82
1724321354, 76, 12.0, 15.82
1724321355, 77, 12.0, 15.82
1724321356, 77, 15.0, 15.82
1724321357, 77, 15.0, 15.82
1724321358, 77, 15.0, 15.82
1724321359, 77, 15.0, 15.82
1724321360, 76, 15.0, 15.55
1724321361, 76, 15.0, 15.55
1724321362, 79, 15.0, 15.55
1724321363, 81, 15.0, 15.55
1724321364, 82, 15.0, 15.33
1724321365, 82, 15.0, 15.33
1724321366, 82, 18.0, 15.54
1724321367, 82, 18.0, 15.54
1724321368, 82, 18.0, 15.54
1724321369, 81, 18.0, 15.54
1724321370, 81, 18.0, 15.54
1724321371, 81, 19.0, 15.54
1724321372, 82, 19.0, 15.45
1724321373, 82, 19.0, 15.45
1724321374, 84, 19.0, 15.45
1724321375, 85, 19.0, 15.45
1724321376, 85, 21.0, 15.45
1724321377, 85, 21.0, 15.45
1724321378, 85, 21.0, 15.44
1724321379, 85, 21.0, 15.45
1724321380, 84, 21.0, 15.45
1724321381, 84, 24.0, 15.45
1724321382, 84, 24.0, 15.45
1724321383, 84, 24.0, 15.45
1724321384, 82, 24.0, 15.45
1724321385, 79, 24.0, 15.45
1724321386, 78, 27.0, 15.45
1724321387, 77, 27.0, 15.36
1724321388, 75, 27.0, 15.36
1724321389, 75, 27.0, 15.36
1724321390, 74, 27.0, 15.36
1724321391, 74, 36.0, 15.36
1724321392, 74, 36.0, 15.36
1724321393, 75, 36.0, 15.36
1724321394, 75, 36.0, 15.36
1724321395, 75, 36.0, 15.36
1724321396, 75, 39.0, 14.8
1724321397, 76, 39.0, 14.8
1724321398, 76, 39.0, 14.8
1724321399, 77, 39.0, 14.99
1724321400, 77, 39.0, 14.99
1724321401, 77, 40.0, 14.99
1724321402, 77, 40.0, 14.99
1724321403, 77, 40.0, 14.99
1724321404, 77, 40.0, 14.99
1724321405, 78, 40.0, 14.99
1724321406, 78, 39.0, 14.94
1724321407, 79, 39.0, 14.94
1724321408, 78, 39.0, 14.94
1724321409, 78, 39.0, 14.9
1724321410, 78, 39.0, 14.9
1724321411, 78, 35.0, 14.9
1724321412, 77, 35.0, 14.9
1724321413, 76, 35.0, 14.9
1724321414, 74, 35.0, 14.9
1724321415, 73, 35.0, 14.83
1724321416, 73, 26.0, 14.83
1724321417, 73, 26.0, 14.83
1724321418, 73, 26.0, 14.83
1724321419, 72, 26.0, 14.85
1724321420, 72, 26.0, 14.85
1724321421, 72, 23.0, 14.85
1724321422, 72, 23.0, 14.85
1724321423, 72, 23.0, 14.85
1724321424, 72, 23.0, 14.85
1724321425, 72, 23.0, 14.85
1724321426, 71, 21.0, 14.85
1724321427, 71, 21.0, 14.13
1724321428, 70, 21.0, 14.13
1724321429, 70, 21.0, 14.13
1724321430, 71, 21.0, 14.13
1724321431, 69, NaN, 14.25
1724321432, 67, NaN, 14.25
1724321433, 64, NaN, 14.25
1724321434, 64, NaN, 14.25
1724321435, 64, NaN, 14.16
1724321436, 64, NaN, 14.16
1724321437, 64, NaN, 14.16
1724321438, 65, NaN, 14.16
1724321439, 67, NaN, 14.16
1724321440, 72, NaN, 14.16
1724321441, 76, 14.0, 14.16
1724321442, 77, 14.0, 14.16
1724321443, 78, 14.0, 14.0
1724321444, 78, 14.0, 14.0
1724321445, 78, 14.0, 13.85
1724321446, 79, 14.0, 13.85
1724321447, 78, 14.0, 13.85
1724321448, 78, 14.0, 13.85
1724321449, 79, 14.0, 13.85
1724321450, 78, 14.0, 13.85
1724321451, 78, 16.0, 13.85
1724321452, 79, 16.0, 13.85
1724321453, 79, 16.0, 13.85
1724321454, 79, 16.0, 13.85
1724321455, 80, 16.0, 13.33
1724321456, 79, 19.0, 13.33
1724321457, 79, 19.0, 13.33
1724321458, 79, 19.0, 13.33
1724321459, 79, 19.0, 13.33
1724321460, 79, 19.0, 13.33
1724321461, 78, 20.0, 12.84
1724321462, 78, 20.0, 12.84
1724321463, 77, 20.0, 12.84
1724321464, 77, 20.0, 12.84
1724321465, 77, 20.0, 12.84
1724321466, 78, 21.0, 12.84
1724321467, 78, 21.0, 12.84
1724321468, 79, 21.0, 12.84
1724321469, 79, 21.0, 12.84
1724321470, 80, 21.0, 12.84
1724321471, 80, 25.0, 12.84
1724321472, 80, 25.0, 12.23
1724321473, 79, 25.0, 12.23
1724321474, 79, 25.0, 12.23
1724321475, 79, 25.0, 12.23
1724321476, 79, 31.0, 12.23
1724321477, 80, 31.0, 12.23
1724321478, 80, 31.0, 12.39
1724321479, 79, 31.0, 12.51
1724321480, 79, 31.0, 12.51
1724321481, 78, 33.0, 12.51
1724321482, 78, 33.0, 12.51
1724321483, 78, 33.0, 12.51
1724321484, 79, 33.0, 12.51
1724321485, 79, 33.0, 12.43
1724321486, 79, 35.0, 12.43
1724321487, 79, 35.0, 12.43
1724321488, 79, 35.0, 12.43
1724321489, 79, 35.0, 12.51
1724321490, 76, 35.0, 12.51
1724321491, 76, 36.0, 12.51
1724321492, 76, 36.0, 12.51
1724321493, 75, 36.0, 12.83
1724321494, 74, 36.0, 12.83
1724321495, 73, 36.0, 12.83
1724321496, 73, NaN, 12.83
1724321497, 73, NaN, 12.83
1724321498, 73, NaN, 12.83
1724321499, 73, NaN, 12.93
1724321500, 73, NaN, 12.93
1724321501, 73, NaN, 13.3
1724321502, 73, NaN, 13.3
1724321503, 74, NaN, 13.3
1724321504, 74, NaN, 13.3
1724321505, 74, NaN, 13.3
1724321506, 75, 31.0, 13.3
1724321507, 75, 31.0, 13.3
1724321508, 75, 31.0, 13.3
1724321509, 75, 31.0, 13.11
1724321510, 74, 31.0, 13.11
1724321511, 72, 28.0, 13.19
1724321512, 69, 28.0, 13.19
1724321513, 68, 28.0, 13.19
1724321514, 68, 28.0, 13.19
1724321515, 69, 28.0, 13.19
1724321516, 70, 23.0, 13.19
1724321517, 71, 23.0, 13.19
1724321518, 75, 23.0, 13.19
1724321519, 76, 23.0, 13.19
1724321520, 77, 23.0, 13.19
1724321521, 77, 21.0, 13.19
1724321522, 78, 21.0, 13.19
1724321523, 78, 21.0, 13.0
1724321524, 78, 21.0, 13.0
1724321525, 78, 21.0, 13.0
1724321526, 78, 22.0, 13.0
1724321527, 78, 22.0, 13.0
1724321528, 78, 22.0, 13.0
1724321529, 77, 22.0, 13.0
1724321530, 77, 22.0, 13.0
1724321531, 75, 23.0, 13.0
1724321532, 74, 23.0, 13.0
1724321533, 75, 23.0, 13.0
1724321534, 76, 23.0, 13.0
1724321535, 76, 23.0, 13.0
1724321536, 77, 22.0, 12.83
1724321537, 78, 22.0, 12.83
1724321538, 79, 22.0, 12.76
1724321539, 79, 22.0, 12.76
1724321540, 79, 22.0, 12.9
1724321541, 78, 21.0, 12.9
1724321542, 78, 21.0, 12.9
1724321543, 78, 21.0, 12.9
1724321544, 78, 21.0, 12.9
1724321545, 78, 21.0, 12.96
1724321546, 78, 23.0, 13.09
1724321547, 78, 23.0, 13.09
1724321548, 78, 23.0, 13.09
1724321549, 78, 23.0, 13.32
1724321550, 78, 23.0, 13.32
1724321551, 78, 24.0, 13.32
1724321552, 77, 24.0, 13.32
1724321553, 77, 24.0, 13.32
1724321554, 77, 24.0, 13.32
1724321555, 77, 24.0, 13.32
1724321556, 77, 24.0, 13.27
1724321557, 77, 24.0, 13.27
1724321558, 77, 24.0, 13.27
1724321559, 78, 24.0, 13.27
1724321560, 78, 24.0, 13.2
1724321561, 78, 24.0, 13.2
1724321562, 78, 24.0, 13.2
1724321563, 78, 24.0, 13.2
1724321564, 78, 24.0, 13.2
1724321565, 78, 24.0, 13.2
1724321566, 78, 27.0, 13.2
1724321567, 79, 27.0, 13.13
1724321568, 82, 27.0, 13.13
1724321569, 83, 27.0, 13.13
1724321570, 84, 27.0, 13.13
1724321571, 83, 30.0, 13.13
1724321572, 82, 30.0, 13.13
1724321573, 83, 30.0, 13.13
1724321574, 82, 30.0, 13.13
1724321575, 81, 30.0, 13.13
1724321576, 82, 30.0, 12.98
1724321577, 83, 30.0, 12.98
1724321578, 83, 30.0, 13.2
1724321579, 84, 30.0, 13.2
1724321580, 82, 30.0, 13.2
1724321581, 82, 29.0, 13.2
1724321582, 82, 29.0, 13.26
1724321583, 82, 29.0, 13.26
1724321584, 81, 29.0, 13.26
1724321585, 81, 29.0, 13.41
1724321586, 77, 29.0, 13.41
1724321587, 76, 29.0, 13.41
1724321588, 76, 29.0, 13.41
1724321589, 75, 29.0, 13.41
1724321590, 75, 29.0, 13.61
1724321591, 75, 30.0, 13.61
1724321592, 76, 30.0, 13.61
1724321593, 76, 30.0, 13.53
1724321594, 76, 30.0, 13.53
1724321595, 76, 30.0, 13.53
1724321596, 76, 30.0, 13.53
1724321597, 76, 30.0, 13.57
1724321598, 76, 30.0, 13.57
1724321599, 76, 30.0, 13.57
1724321600, 75, 30.0, 13.57
1724321601, 75, 31.0, 13.57
1724321602, 75, 31.0, 13.57
1724321603, 75, 31.0, 13.52
1724321604, 75, 31.0, 13.52
1724321605, 75, 31.0, 13.52
1724321606, 75, 31.0, 13.56
1724321607, 75, 31.0, 13.56
1724321608, 75, 31.0, 13.81
1724321609, 74, 31.0, 13.81
1724321610, 74, 31.0, 13.81
1724321611, 74, NaN, 13.81
1724321612, 74, NaN, 13.88
1724321613, 74, NaN, 13.88
1724321614, 74, NaN, 13.88
1724321615, 73, NaN, 14.01
1724321616, 73, 31.0, 14.01
1724321617, 73, 31.0, 14.01
1724321618, 73, 31.0, 14.01
1724321619, 73, 31.0, 14.05
1724321620, 73, 31.0, 14.05
1724321621, 74, 30.0, 14.32
1724321622, 74, 30.0, 14.32
1724321623, 74, 30.0, 14.32
1724321624, 75, 30.0, 14.32
1724321625, 75, 30.0, 14.57
1724321626, 76, NaN, 14.57
1724321627, 76, NaN, 14.57
1724321628, 76, NaN, 14.57
1724321629, 74, NaN, 14.95
1724321630, 73, NaN, 14.95
1724321631, 73, NaN, 14.95
1724321632, 74, NaN, 15.31
1724321633, 74, NaN, 15.31
1724321634, 74, NaN, 15.31
1724321635, 75, NaN, 15.31
1724321636, 75, 29.0, 15.84
1724321637, 76, 29.0, 15.84
1724321638, 76, 29.0, 15.84
1724321639, 75, 29.0, 15.84
1724321640, 73, 29.0, 15.84
1724321641, 73, 25.0, 15.84
1724321642, 73, 25.0, 15.84
1724321643, 73, 25.0, 15.84
1724321644, 73, 25.0, 15.58
1724321645, 73, 25.0, 15.58
1724321646, 74, 25.0, 15.58
1724321647, 74, 25.0, 15.58
1724321648, 75, 25.0, 15.58
1724321649, 74, 25.0, 15.58
1724321650, 74, 25.0, 15.58
1724321651, 74, 25.0, 15.4
1724321652, 73, 25.0, 15.4
1724321653, 72, 25.0, 15.4
1724321654, 70, 25.0, 15.43
1724321655, 69, 25.0, 15.43
1724321656, 69, 24.0, 15.43
1724321657, 68, 24.0, 15.43
1724321658, 67, 24.0, 15.46
1724321659, 66, 24.0, 15.46
1724321660, 66, 24.0, 15.46
1724321661, 67, 23.0, 15.52
1724321662, 67, 23.0, 15.52
1724321663, 68, 23.0, 15.52
1724321664, 70, 23.0, 15.52
1724321665, 71, 23.0, 15.52
1724321666, 72, 22.0, 15.42
1724321667, 73, 22.0, 15.42
1724321668, 74, 22.0, 15.42
1724321669, 74, 22.0, 15.42
1724321670, 75, 22.0, 15.42
1724321671, 75, 21.0, 15.42
1724321672, 76, 21.0, 15.12
1724321673, 76, 21.0, 15.12
1724321674, 75, 21.0, 15.12
1724321675, 76, 21.0, 15.12
1724321676, 76, 21.0, 15.12
1724321677, 77, 21.0, 15.12
1724321678, 77, 21.0, 15.12
1724321679, 77, 21.0, 15.12
1724321680, 76, 21.0, 15.12
1724321681, 76, 21.0, 14.91
1724321682, 75, 21.0, 14.91
1724321683, 75, 21.0, 14.91
1724321684, 75, 21.0, 14.91
1724321685, 75, 21.0, 14.91
1724321686, 75, 21.0, 14.91
1724321687, 76, 21.0, 14.91
1724321688, 78, 21.0, 14.91
1724321689, 79, 21.0, 14.91
1724321690, 79, 21.0, 14.91
1724321691, 79, 22.0, 14.91
1724321692, 79, 22.0, 14.58
1724321693, 78, 22.0, 14.58
1724321694, 77, 22.0, 14.58
1724321695, 78, 22.0, 14.58
1724321696, 79, 24.0, 14.58
1724321697, 79, 24.0, 14.58
1724321698, 80, 24.0, 14.58
1724321699, 80, 24.0, 14.58
1724321700, 80, 24.0, 14.58
1724321701, 79, 25.0, 14.58
1724321702, 79, 25.0, 14.58
1724321703, 78, 25.0, 14.58
1724321704, 76, 25.0, 14.58
1724321705, 75, 25.0, 14.58
1724321706, 75, 27.0, 13.98
1724321707, 74, 27.0, 13.98
1724321708, 74, 27.0, 13.98
1724321709, 74, 27.0, 13.98
1724321710, 74, 27.0, 13.98
1724321711, 73, 27.0, 13.98
1724321712, 74, 27.0, 13.98
1724321713, 74, 27.0, 13.98
1724321714, 74, 27.0, 13.98
1724321715, 74, 27.0, 13.98
1724321716, 75, 28.0, 13.98
1724321717, 75, 28.0, 13.24
1724321718, 74, 28.0, 13.24
1724321719, 74, 28.0, 13.24
1724321720, 74, 28.0, 13.35
1724321721, 74, 25.0, 13.35
1724321722, 74, 25.0, 13.35
1724321723, 74, 25.0, 13.44
1724321724, 74, 25.0, 13.44
1724321725, 73, 25.0, 13.44
1724321726, 73, NaN, 13.44
1724321727, 72, NaN, 13.44
1724321728, 71, NaN, 13.44
1724321729, 71, NaN, 13.44
1724321730, 71, NaN, 13.44
1724321731, 72, 22.0, 13.37
1724321732, 73, 22.0, 13.37
1724321733, 74, 22.0, 13.47
1724321734, 75, 22.0, 13.47
1724321735, 76, 22.0, 13.47
1724321736, 76, 19.0, 13.64
1724321737, 76, 19.0, 13.64
1724321738, 76, 19.0, 13.64
1724321739, 76, 19.0, 13.78
1724321740, 76, 19.0, 13.78
1724321741, 76, NaN, 13.78
1724321742, 77, NaN, 13.78
1724321743, 78, NaN, 13.92
1724321744, 78, NaN, 13.92
1724321745, 80, NaN, 17.15
1724321746, 81, 18.0, 17.15
1724321747, 81, 18.0, 18.34
1724321748, 82, 18.0, 18.34
1724321749, 85, 18.0, 18.34
1724321750, 88, 18.0, 18.35
1724321751, 92, 23.0, 18.35
1724321752, 93, 23.0, 18.35
1724321753, 92, 23.0, 18.56
1724321754, 92, 23.0, 18.56
1724321755, 91, 23.0, 18.56
1724321756, 91, 27.0, 18.53
1724321757, 89, 27.0, 18.53
1724321758, 87, 27.0, 18.53
1724321759, 86, 27.0, 18.76
1724321760, 78, 27.0, 18.76
1724321761, 75, 35.0, 18.76
1724321762, 74, 35.0, 18.76
1724321763, 74, 35.0, 18.55
1724321764, 73, 35.0, 18.55
1724321765, 73, 35.0, 18.55
1724321766, 72, NaN, 18.55
1724321767, 72, NaN, 18.55
1724321768, 72, NaN, 18.55
1724321769, 72, NaN, 18.55
1724321770, 72, NaN, 18.37
1724321771, 72, NaN, 18.43
1724321772, 72, NaN, 18.43
1724321773, 72, NaN, 18.43
1724321774, 72, NaN, 18.47
1724321775, 72, NaN, 18.47
1724321776, 72, NaN, 18.47
1724321777, 72, NaN, 18.47
1724321778, 71, NaN, 18.47
1724321779, 71, NaN, 18.47
1724321780, 70, NaN, 18.34
1724321781, 70, NaN, 18.34
1724321782, 70, NaN, 18.34
1724321783, 70, NaN, 18.21
1724321784, 70, NaN, 18.21
1724321785, 70, NaN, 18.21
1724321786, 71, 18.0, 18.21
1724321787, 71, 18.0, 18.21
1724321788, 72, 18.0, 18.21
1724321789, 72, 18.0, 18.21
1724321790, 73, 18.0, 18.07
1724321791, 73, 12.0, 18.02
1724321792, 74, 12.0, 18.02
1724321793, 75, 12.0, 18.02
1724321794, 77, 12.0, 18.02
1724321795, 79, 12.0, 18.02
1724321796, 79, 17.0, 17.29
1724321797, 79, 17.0, 17.29
1724321798, 79, 17.0, 17.29
1724321799, 79, 17.0, 17.29
1724321800, 79, 17.0, 17.42
1724321801, 79, 19.0, 17.42
1724321802, 79, 19.0, 17.48
1724321803, 79, 19.0, 17.48
1724321804, 78, 19.0, 17.54
1724321805, 78, 19.0, 17.54
1724321806, 78, 20.0, 17.54
1724321807, 78, 20.0, 17.69
1724321808, 78, 20.0, 17.69
1724321809, 77, 20.0, 17.69
1724321810, 77, 20.0, 17.69
1724321811, 77, 22.0, 17.62
1724321812, 77, 22.0, 17.62
1724321813, 77, 22.0, 17.62
1724321814, 77, 22.0, 17.61
1724321815, 78, 22.0, 17.61
1724321816, 78, 24.0, 17.61
1724321817, 77, 24.0, 17.77
1724321818, 77, 24.0, 17.77
1724321819, 77, 24.0, 17.79
1724321820, 77, 24.0, 17.79
1724321821, 77, 29.0, 17.79
1724321822, 77, 29.0, 17.91
1724321823, 77, 29.0, 17.91
1724321824, 77, 29.0, 17.91
1724321825, 78, 29.0, 17.91
1724321826, 78, 30.0, 17.91
1724321827, 78, 30.0, 17.91
1724321828, 78, 30.0, 17.82
1724321829, 78, 30.0, 17.82
1724321830, 77, 30.0, 17.82
1724321831, 77, 30.0, 17.84
1724321832, 76, 30.0, 17.84
1724321833, 76, 30.0, 17.84
1724321834, 76, 30.0, 17.84
1724321835, 77, 30.0, 17.77
1724321836, 77, NaN, 17.77
1724321837, 77, NaN, 17.77
1724321838, 77, NaN, 17.77
1724321839, 77, NaN, 17.77
1724321840, 77, NaN, 17.65
1724321841, 78, 30.0, 17.65
1724321842, 78, 30.0, 17.65
1724321843, 78, 30.0, 17.76
1724321844, 78, 30.0, 17.76
1724321845, 79, 30.0, 17.76
1724321846, 78, 30.0, 17.88
1724321847, 78, 30.0, 17.88
1724321848, 78, 30.0, 18.03
1724321849, 78, 30.0, 18.03
1724321850, 78, 30.0, 18.03
1724321851, 78, 30.0, 18.03
1724321852, 79, 30.0, 18.03
1724321853, 79, 30.0, 18.0
1724321854, 79, 30.0, 18.0
1724321855, 79, 30.0, 18.0
1724321856, 80, 32.0, 18.0
1724321857, 80, 32.0, 18.0
1724321858, 80, 32.0, 18.0
1724321859, 81, 32.0, 18.0
1724321860, 82, 32.0, 17.89
1724321861, 84, 39.0, 17.89
1724321862, 84, 39.0, 17.89
1724321863, 84, 39.0, 17.89
1724321864, 84, 39.0, 17.95
1724321865, 84, 39.0, 17.95
1724321866, 83, 43.0, 17.95
1724321867, 83, 43.0, 17.95
1724321868, 83, 43.0, 17.89
1724321869, 82, 43.0, 17.89
1724321870, 82, 43.0, 17.98
1724321871, 83, 48.0, 17.98
1724321872, 83, 48.0, 17.98
1724321873, 83, 48.0, 17.98
1724321874, 83, 48.0, 17.95
1724321875, 84, 48.0, 17.95
1724321876, 84, 54.0, 17.95
1724321877, 85, 54.0, 18.01
1724321878, 85, 54.0, 18.01
1724321879, 85, 54.0, 18.01
1724321880, 85, 54.0, 18.01
1724321881, 84, 54.0, 18.04
1724321882, 83, 54.0, 18.04
1724321883, 82, 54.0, 18.04
1724321884, 82, 54.0, 18.04
1724321885, 81, 54.0, 17.92
1724321886, 80, 54.0, 17.92
1724321887, 80, 54.0, 17.92
1724321888, 78, 54.0, 17.92
1724321889, 79, 54.0, 17.92
1724321890, 79, 54.0, 17.92
1724321891, 79, 48.0, 17.68
1724321892, 79, 48.0, 17.68
1724321893, 79, 48.0, 17.68
1724321894, 79, 48.0, 17.68
1724321895, 78, 48.0, 17.68
1724321896, 77, 42.0, 17.68
1724321897, 74, 42.0, 17.68
1724321898, 72, 42.0, 17.68
1724321899, 71, 42.0, 17.68
1724321900, 71, 42.0, 17.68
1724321901, 71, 38.0, 17.68
1724321902, 72, 38.0, 17.48
1724321903, 74, 38.0, 17.48
1724321904, 74, 38.0, 17.48
1724321905, 74, 38.0, 17.48
1724321906, 74, NaN, 17.48
1724321907, 75, NaN, 17.48
1724321908, 75, NaN, 17.48
1724321909, 75, NaN, 17.48
1724321910, 75, NaN, 17.48
1724321911, 75, 30.0, 17.48
1724321912, 76, 30.0, 17.48
1724321913, 77, 30.0, 17.48
1724321914, 76, 30.0, 17.48
1724321915, 76, 30.0, 17.14
1724321916, 76, 29.0, 17.14
1724321917, 75, 29.0, 17.14
1724321918, 75, 29.0, 17.14
1724321919, 75, 29.0, 17.14
1724321920, 74, 29.0, 17.14
1724321921, 74, 29.0, 17.14
1724321922, 74, 29.0, 17.14
1724321923, 74, 29.0, 17.14
1724321924, 73, 29.0, 17.14
1724321925, 73, 29.0, 16.04
1724321926, 73, NaN, 16.04
1724321927, 73, NaN, 16.04
1724321928, 73, NaN, 16.04
1724321929, 73, NaN, 16.15
1724321930, 74, NaN, 16.15
1724321931, 74, 25.0, 16.16
1724321932, 74, 25.0, 16.16
1724321933, 73, 25.0, 16.16
1724321934, 73, 25.0, 16.16
1724321935, 70, 25.0, 16.16
1724321936, 68, 23.0, 16.1
1724321937, 68, 23.0, 16.1
1724321938, 69, 23.0, 16.22
1724321939, 70, 23.0, 16.22
1724321940, 74, 23.0, 16.22
1724321941, 75, 22.0, 16.41
1724321942, 76, 22.0, 16.41
1724321943, 76, 22.0, 16.41
1724321944, 76, 22.0, 16.55
1724321945, 76, 22.0, 16.55
1724321946, 77, NaN, 16.72
1724321947, 78, NaN, 16.72
1724321948, 78, NaN, 18.08
1724321949, 78, NaN, 18.08
1724321950, 78, NaN, 18.08
1724321951, 78, 20.0, 18.08
1724321952, 79, 20.0, 18.08
1724321953, 79, 20.0, 17.97
1724321954, 80, 20.0, 17.97
1724321955, 81, 20.0, 17.97
1724321956, 81, 22.0, 18.08
1724321957, 81, 22.0, 18.08
1724321958, 81, 22.0, 18.08
1724321959, 81, 22.0, 18.08
1724321960, 80, 22.0, 17.98
1724321961, 77, 23.0, 17.98
1724321962, 77, 23.0, 17.98
1724321963, 75, 23.0, 17.98
1724321964, 75, 23.0, 17.86
1724321965, 75, 23.0, 17.86
1724321966, 75, 25.0, 17.86
1724321967, 75, 25.0, 17.99
1724321968, 76, 25.0, 17.99
1724321969, 76, 25.0, 17.99
1724321970, 76, 25.0, 17.99
1724321971, 76, 24.0, 17.99
1724321972, 76, 24.0, 17.9
1724321973, 76, 24.0, 17.9
1724321974, 75, 24.0, 17.9
1724321975, 74, 24.0, 17.9
1724321976, 74, 23.0, 17.56
1724321977, 74, 23.0, 17.56
1724321978, 74, 23.0, 17.56
1724321979, 74, 23.0, 17.56
1724321980, 74, 23.0, 17.56
1724321981, 73, 21.0, 17.56
1724321982, 72, 21.0, 17.56
1724321983, 71, 21.0, 17.26
1724321984, 71, 21.0, 17.26
1724321985, 71, 21.0, 17.26
1724321986, 71, 20.0, 17.26
1724321987, 71, 20.0, 17.26
1724321988, 71, 20.0, 17.26
1724321989, 72, 20.0, 17.26
1724321990, 72, 20.0, 17.26
1724321991, 72, 18.0, 17.26
1724321992, 72, 18.0, 16.96
1724321993, 72, 18.0, 16.96
1724321994, 72, 18.0, 16.96
1724321995, 73, 18.0, 16.96
1724321996, 73, 18.0, 16.96
1724321997, 73, 18.0, 16.44
1724321998, 73, 18.0, 16.44
1724321999, 73, 18.0, 16.44
1724322000, 73, 18.0, 16.44
1724322001, 73, 19.0, 16.31
1724322002, 73, 19.0, 16.31
1724322003, 74, 19.0, 16.31
1724322004, 75, 19.0, 16.42
1724322005, 76, 19.0, 16.42
1724322006, 78, 19.0, 16.42
1724322007, 80, 19.0, 16.42
1724322008, 81, 19.0, 16.42
1724322009, 81, 19.0, 16.42
1724322010, 80, 19.0, 16.42
1724322011, 80, 21.0, 16.42
1724322012, 79, 21.0, 16.27
1724322013, 79, 21.0, 16.27
1724322014, 77, 21.0, 16.27
1724322015, 75, 21.0, 16.27
1724322016, 75, 22.0, 16.27
1724322017, 76, 22.0, 16.36
1724322018, 76, 22.0, 16.36
1724322019, 78, 22.0, 16.36
1724322020, 80, 22.0, 16.35
1724322021, 79, 23.0, 16.35
1724322022, 79, 23.0, 16.35
1724322023, 78, 23.0, 16.3
1724322024, 78, 23.0, 16.3
1724322025, 77, 23.0, 16.3
1724322026, 77, 24.0, 16.3
1724322027, 77, 24.0, 16.3
1724322028, 77, 24.0, 16.3
1724322029, 77, 24.0, 16.18
1724322030, 77, 24.0, 16.18
1724322031, 77, 25.0, 16.18
1724322032, 78, 25.0, 16.18
1724322033, 79, 25.0, 16.15
1724322034, 79, 25.0, 16.15
1724322035, 79, 25.0, 16.15
1724322036, 78, 28.0, 16.15
1724322037, 78, 28.0, 16.39
1724322038, 78, 28.0, 16.39
1724322039, 78, 28.0, 16.39
1724322040, 78, 28.0, 16.39
1724322041, 78, 29.0, 16.39
1724322042, 78, 29.0, 16.18
1724322043, 78, 29.0, 16.18
1724322044, 78, 29.0, 16.18
1724322045, 78, 29.0, 16.18
1724322046, 78, 29.0, 16.3
1724322047, 79, 29.0, 16.3
1724322048, 80, 29.0, 16.3
1724322049, 80, 29.0, 16.3
1724322050, 80, 29.0, 16.3
1724322051, 80, 30.0, 16.12
1724322052, 80, 30.0, 16.12
1724322053, 80, 30.0, 16.12
1724322054, 80, 30.0, 16.12
1724322055, 80, 30.0, 16.12
1724322056, 80, 31.0, 16.12
1724322057, 80, 31.0, 16.01
1724322058, 80, 31.0, 16.01
1724322059, 80, 31.0, 16.13
1724322060, 80, 31.0, 16.13
1724322061, 80, 33.0, 16.13
1724322062, 80, 33.0, 16.13
1724322063, 80, 33.0, 16.13
1724322064, 80, 33.0, 16.13
1724322065, 81, 33.0, 16.13
1724322066, 81, 35.0, 16.13
1724322067, 81, 35.0, 15.98
1724322068, 81, 35.0, 15.98
1724322069, 81, 35.0, 15.98
1724322070, 80, 35.0, 15.98
1724322071, 80, 37.0, 15.94
1724322072, 79, 37.0, 15.94
1724322073, 78, 37.0, 15.94
1724322074, 79, 37.0, 15.94
1724322075, 79, 37.0, 15.94
1724322076, 80, 37.0, 15.84
1724322077, 80, 37.0, 15.84
1724322078, 80, 37.0, 15.84
1724322079, 79, 37.0, 15.84
1724322080, 79, 37.0, 15.84
1724322081, 79, 38.0, 15.84
1724322082, 79, 38.0, 15.84
1724322083, 79, 38.0, 15.84
1724322084, 79, 38.0, 15.84
1724322085, 79, 38.0, 15.84
1724322086, 79, 37.0, 15.84
1724322087, 78, 37.0, 15.84
1724322088, 78, 37.0, 15.84
1724322089, 78, 37.0, 15.35
1724322090, 78, 37.0, 15.35
1724322091, 78, 37.0, 15.35
1724322092, 78, 37.0, 14.87
1724322093, 78, 37.0, 14.87
1724322094, 78, 37.0, 14.87
1724322095, 77, 37.0, 14.87
1724322096, 75, 36.0, 14.74
1724322097, 72, 36.0, 14.74
1724322098, 71, 36.0, 14.74
1724322099, 69, 36.0, 14.74
1724322100, 69, 36.0, 14.74
1724322101, 70, NaN, 14.74
1724322102, 71, NaN, 14.74
1724322103, 71, NaN, 14.32
1724322104, 72, NaN, 14.32
1724322105, 72, NaN, 14.32
1724322106, 73, NaN, 14.32
1724322107, 74, NaN, 14.18
1724322108, 75, NaN, 14.18
1724322109, 75, NaN, 14.18
1724322110, 75, NaN, 14.18
1724322111, 75, NaN, 14.38
1724322112, 75, NaN, 14.38
1724322113, 75, NaN, 14.46
1724322114, 75, NaN, 14.46
1724322115, 75, NaN, 14.46
1724322116, 74, NaN, 14.62
1724322117, 74, NaN, 14.62
1724322118, 73, NaN, 14.62
1724322119, 73, NaN, 14.75
1724322120, 73, NaN, 14.75
1724322121, 73, NaN, 14.75
1724322122, 73, NaN, 15.35
1724322123, 74, NaN, 15.35
1724322124, 74, NaN, 15.78
1724322125, 75, NaN, 15.78
1724322126, 75, NaN, 15.78
1724322127, 75, NaN, 15.78
1724322128, 75, NaN, 15.94
1724322129, 75, NaN, 15.94
1724322130, 75, NaN, 15.94
1724322131, 75, 12.0, 16.29
1724322132, 75, 12.0, 16.29
1724322133, 75, 12.0, 16.29
1724322134, 75, 12.0, 16.29
1724322135, 75, 12.0, 16.23
1724322136, 75, 12.0, 16.23
1724322137, 75, 12.0, 16.23
1724322138, 76, 12.0, 16.32
1724322139, 76, 12.0, 16.32
1724322140, 77, 12.0, 16.32
1724322141, 76, NaN, 16.36
1724322142, 76, NaN, 16.36
1724322143, 76, NaN, 16.36
1724322144, 76, NaN, 16.41
1724322145, 76, NaN, 16.41
1724322146, 76, 12.0, 16.41
1724322147, 77, 12.0, 16.41
1724322148, 77, 12.0, 16.41
1724322149, 78, 12.0, 16.41
1724322150, 82, 12.0, 16.26
1724322151, 83, 12.0, 16.26
1724322152, 82, 12.0, 16.26
1724322153, 83, 12.0, 16.26
1724322154, 83, 12.0, 16.26
1724322155, 82, 12.0, 16.26
1724322156, 83, 16.0, 16.13
1724322157, 83, 16.0, 16.13
1724322158, 83, 16.0, 16.13
1724322159, 80, 16.0, 16.13
1724322160, 73, 16.0, 16.13
1724322161, 64, 21.0, 16.09
1724322162, 62, 21.0, 16.09
1724322163, 60, 21.0, 16.09
1724322164, 62, 21.0, 16.1
1724322165, 64, 21.0, 16.1
1724322166, 63, 19.0, 16.1
1724322167, 62, 19.0, 16.09
1724322168, 61, 19.0, 16.09
1724322169, 62, 19.0, 16.09
1724322170, 63, 19.0, 16.09
1724322171, 66, 17.0, 16.09
1724322172, 67, 17.0, 16.09
1724322173, 67, 17.0, 16.1
1724322174, 67, 17.0, 16.1
1724322175, 68, 17.0, 16.1
1724322176, 74, 15.0, 16.1
1724322177, 75, 15.0, 16.1
1724322178, 76, 15.0, 16.1
1724322179, 76, 15.0, 16.1
1724322180, 76, 15.0, 16.1
1724322181, 76, 15.0, 16.1
1724322182, 76, 15.0, 16.1
1724322183, 77, 15.0, 16.1
1724322184, 77, 15.0, 16.1
1724322185, 77, 15.0, 15.81
1724322186, 77, 14.0, 15.81
1724322187, 77, 14.0, 15.81
1724322188, 77, 14.0, 15.81
1724322189, 77, 14.0, 15.81
1724322190, 77, 14.0, 15.81
1724322191, 76, 12.0, 15.81
1724322192, 76, 12.0, 15.81
1724322193, 76, 12.0, 15.81
1724322194, 76, 12.0, 15.81
1724322195, 75, 12.0, 15.81
1724322196, 75, 16.0, 15.81
1724322197, 75, 16.0, 15.61
1724322198, 75, 16.0, 15.61
1724322199, 75, 16.0, 15.7
1724322200, 76, 16.0, 15.7
1724322201, 76, NaN, 15.7
1724322202, 76, NaN, 15.7
1724322203, 76, NaN, 15.7
1724322204, 75, NaN, 15.7
1724322205, 75, NaN, 15.7
1724322206, 76, 21.0, 15.74
1724322207, 76, 21.0, 15.74
1724322208, 76, 21.0, 15.74
1724322209, 77, 21.0, 15.8
1724322210, 78, 21.0, 15.8
1724322211, 80, 23.0, 15.8
1724322212, 80, 23.0, 15.8
1724322213, 80, 23.0, 15.8
1724322214, 80, 23.0, 15.8
1724322215, 79, 23.0, 15.8
1724322216, 77, 23.0, 15.67
1724322217, 76, 23.0, 15.67
1724322218, 75, 23.0, 15.67
1724322219, 75, 23.0, 15.8
1724322220, 75, 23.0, 15.8
1724322221, 75, 23.0, 15.8
1724322222, 75, 23.0, 15.8
1724322223, 75, 23.0, 15.8
1724322224, 75, 23.0, 15.8
1724322225, 76, 23.0, 15.8
1724322226, 76, NaN, 15.68
1724322227, 77, NaN, 15.68
1724322228, 78, NaN, 15.76
1724322229, 79, NaN, 15.76
1724322230, 83, NaN, 15.92
1724322231, 84, NaN, 15.92
1724322232, 85, NaN, 16.1
1724322233, 85, NaN, 16.1
1724322234, 85, NaN, 16.1
1724322235, 86, NaN, 16.19
1724322236, 85, 36.0, 16.19
1724322237, 86, 36.0, 16.19
1724322238, 86, 36.0, 16.19
1724322239, 86, 36.0, 16.58
1724322240, 86, 36.0, 16.58
1724322241, 84, 45.0, 16.64
1724322242, 83, 45.0, 16.64
1724322243, 86, 45.0, 16.64
1724322244, 87, 45.0, 16.64
1724322245, 87, 45.0, 16.64
1724322246, 86, 52.0, 16.64
1724322247, 85, 52.0, 16.53
1724322248, 85, 52.0, 16.53
1724322249, 84, 52.0, 16.71
1724322250, 83, 52.0, 16.71
1724322251, 83, 58.0, 16.71
1724322252, 83, 58.0, 16.87
1724322253, 83, 58.0, 16.87
1724322254, 82, 58.0, 16.87
1724322255, 82, 58.0, 16.87
1724322256, 82, 55.0, 16.87
1724322257, 82, 55.0, 16.87
1724322258, 81, 55.0, 16.87
1724322259, 82, 55.0, 16.79
1724322260, 82, 55.0, 16.79
1724322261, 82, 51.0, 16.79
1724322262, 82, 51.0, 16.79
1724322263, 82, 51.0, 16.79
1724322264, 82, 51.0, 16.79
1724322265, 81, 51.0, 16.79
1724322266, 81, 49.0, 16.79
1724322267, 81, 49.0, 16.79
1724322268, 80, 49.0, 16.79
1724322269, 79, 49.0, 16.79
1724322270, 78, 49.0, 16.79
1724322271, 77, 45.0, 16.7
1724322272, 76, 45.0, 16.7
1724322273, 75, 45.0, 16.7
1724322274, 75, 45.0, 16.7
1724322275, 74, 45.0, 16.7
1724322276, 74, 42.0, 16.73
1724322277, 74, 42.0, 16.73
1724322278, 74, 42.0, 16.73
1724322279, 74, 42.0, 16.73
1724322280, 75, 42.0, 16.73
1724322281, 75, 39.0, 16.73
1724322282, 75, 39.0, 16.73
1724322283, 75, 39.0, 16.73
1724322284, 75, 39.0, 16.73
1724322285, 76, 39.0, 16.65
1724322286, 75, NaN, 16.65
1724322287, 75, NaN, 16.65
1724322288, 75, NaN, 16.65
1724322289, 75, NaN, 16.65
1724322290, 74, NaN, 16.65
1724322291, 74, NaN, 16.65
1724322292, 74, NaN, 16.65
1724322293, 75, NaN, 16.65
1724322294, 76, NaN, 16.65
1724322295, 79, NaN, 16.65
1724322296, 82, 36.0, 16.65
1724322297, 83, 36.0, 16.39
1724322298, 83, 36.0, 16.39
1724322299, 83, 36.0, 16.39
1724322300, 83, 36.0, 16.39
1724322301, 83, 35.0, 16.39
1724322302, 83, 35.0, 16.39
1724322303, 83, 35.0, 16.39
1724322304, 83, 35.0, 16.39
1724322305, 83, 35.0, 16.39
1724322306, 83, 39.0, 16.39
1724322307, 83, 39.0, 16.39
1724322308, 82, 39.0, 16.39
1724322309, 82, 39.0, 16.39
1724322310, 82, 39.0, 16.13
1724322311, 82, 42.0, 16.13
1724322312, 83, 42.0, 16.13
1724322313, 83, 42.0, 16.13
1724322314, 83, 42.0, 16.13
1724322315, 83, 42.0, 15.87
1724322316, 83, 44.0, 15.87
1724322317, 83, 44.0, 16.0
1724322318, 83, 44.0, 16.0
1724322319, 82, 44.0, 16.0
1724322320, 81, 44.0, 16.06
1724322321, 80, 46.0, 16.06
1724322322, 80, 46.0, 16.06
1724322323, 80, 46.0, 16.06
1724322324, 80, 46.0, 16.04
1724322325, 80, 46.0, 16.04
1724322326, 79, 46.0, 16.04
1724322327, 78, 46.0, 16.04
1724322328, 78, 46.0, 16.27
1724322329, 78, 46.0, 16.27
1724322330, 78, 46.0, 16.27
1724322331, 78, 45.0, 16.27
1724322332, 79, 45.0, 16.08
1724322333, 79, 45.0, 16.08
1724322334, 79, 45.0, 16.08
1724322335, 79, 45.0, 16.08
1724322336, 79, 40.0, 16.28
1724322337, 79, 40.0, 16.47
1724322338, 79, 40.0, 16.47
1724322339, 79, 40.0, 16.47
1724322340, 80, 40.0, 16.47
1724322341, 80, 37.0, 16.47
1724322342, 81, 37.0, 16.51
1724322343, 82, 37.0, 16.74
1724322344, 82, 37.0, 16.74
1724322345, 82, 37.0, 16.74
1724322346, 81, 38.0, 16.74
1724322347, 81, 38.0, 16.74
1724322348, 81, 38.0, 16.52
1724322349, 81, 38.0, 16.52
1724322350, 81, 38.0, 16.52
1724322351, 81, 36.0, 16.52
1724322352, 81, 36.0, 16.52
1724322353, 81, 36.0, 16.29
1724322354, 81, 36.0, 16.29
1724322355, 81, 36.0, 16.29
1724322356, 81, 39.0, 16.29
1724322357, 81, 39.0, 16.27
1724322358, 81, 39.0, 16.27
1724322359, 81, 39.0, 16.52
1724322360, 81, 39.0, 16.52
1724322361, 82, 40.0, 16.52
1724322362, 82, 40.0, 16.52
1724322363, 82, 40.0, 16.6
1724322364, 82, 40.0, 16.6
1724322365, 82, 40.0, 16.6
1724322366, 79, 40.0, 16.6
1724322367, 79, 40.0, 16.6
1724322368, 77, 40.0, 16.44
1724322369, 76, 40.0, 16.44
1724322370, 75, 40.0, 16.44
1724322371, 76, NaN, 16.44
1724322372, 76, NaN, 16.38
1724322373, 76, NaN, 16.38
1724322374, 75, NaN, 16.6
1724322375, 75, NaN, 16.6
1724322376, 75, 37.0, 16.6
1724322377, 75, 37.0, 16.6
1724322378, 75, 37.0, 16.6
1724322379, 75, 37.0, 16.6
1724322380, 75, 37.0, 16.6
1724322381, 75, 33.0, 16.6
1724322382, 75, 33.0, 16.6
1724322383, 76, 33.0, 16.6
1724322384, 75, 33.0, 16.6
1724322385, 75, 33.0, 16.42
1724322386, 75, 30.0, 16.42
1724322387, 75, 30.0, 16.42
1724322388, 75, 30.0, 16.33
1724322389, 75, 30.0, 16.33
1724322390, 75, 30.0, 16.33
1724322391, 75, 30.0, 16.33
1724322392, 75, 30.0, 16.33
1724322393, 75, 30.0, 16.33
1724322394, 75, 30.0, 16.33
1724322395, 76, 30.0, 16.19
1724322396, 76, 30.0, 16.19
1724322397, 76, 30.0, 16.3
1724322398, 76, 30.0, 16.3
1724322399, 76, 30.0, 16.3
1724322400, 77, 30.0, 16.36
1724322401, 78, NaN, 16.36
1724322402, 78, NaN, 16.49
1724322403, 78, NaN, 16.49
1724322404, 78, NaN, 16.49
1724322405, 78, NaN, 16.49
1724322406, 77, 30.0, 16.48
1724322407, 77, 30.0, 16.48
1724322408, 77, 30.0, 16.48
1724322409, 76, 30.0, 16.48
1724322410, 76, 30.0, 16.48
1724322411, 76, NaN, 16.46
1724322412, 76, NaN, 16.46
1724322413, 76, NaN, 16.46
1724322414, 76, NaN, 16.46
1724322415, 76, NaN, 16.46
1724322416, 76, NaN, 16.46
1724322417, 76, NaN, 16.46
1724322418, 76, NaN, 16.46
1724322419, 76, NaN, 16.46
1724322420, 77, NaN, 16.3
1724322421, 77, NaN, 16.3
1724322422, 77, NaN, 16.38
1724322423, 77, NaN, 16.38
1724322424, 77, NaN, 16.38
1724322425, 77, NaN, 16.38
1724322426, 77, 31.0, 16.38
1724322427, 77, 31.0, 16.38
1724322428, 77, 31.0, 16.38
1724322429, 77, 31.0, 16.38
1724322430, 78, 31.0, 16.15
1724322431, 80, 32.0, 16.15
1724322432, 81, 32.0, 16.15
1724322433, 81, 32.0, 16.15
1724322434, 81, 32.0, 16.09
1724322435, 80, 32.0, 16.09
1724322436, 80, 34.0, 16.09
1724322437, 79, 34.0, 16.09
1724322438, 78, 34.0, 16.01
1724322439, 76, 34.0, 16.01
1724322440, 74, 34.0, 16.01
1724322441, 73, 33.0, 16.01
1724322442, 73, 33.0, 16.1
1724322443, 73, 33.0, 16.1
1724322444, 73, 33.0, 16.1
1724322445, 73, 33.0, 16.05
1724322446, 73, 28.0, 16.05
1724322447, 73, 28.0, 16.05
1724322448, 73, 28.0, 16.46
1724322449, 73, 28.0, 16.46
1724322450, 73, 28.0, 16.46
1724322451, 74, 25.0, 16.46
1724322452, 75, 25.0, 16.77
1724322453, 76, 25.0, 16.77
1724322454, 77, 25.0, 16.77
1724322455, 78, 25.0, 16.77
1724322456, 78, 24.0, 16.77
1724322457, 79, 24.0, 16.77
1724322458, 81, 24.0, 16.77
1724322459, 82, 24.0, 16.77
1724322460, 86, 24.0, 16.77
1724322461, 88, 24.0, 16.77
1724322462, 88, 24.0, 16.77
1724322463, 88, 24.0, 16.77
1724322464, 87, 24.0, 16.61
1724322465, 87, 24.0, 16.61
1724322466, 82, 23.0, 16.6
1724322467, 81, 23.0, 16.6
1724322468, 80, 23.0, 16.6
1724322469, 79, 23.0, 16.6
1724322470, 78, 23.0, 16.6
1724322471, 77, 23.0, 16.6
1724322472, 76, 23.0, 16.6
1724322473, 76, 23.0, 16.51
1724322474, 76, 23.0, 16.51
1724322475, 77, 23.0, 16.51
1724322476, 77, 23.0, 16.51
1724322477, 78, 23.0, 16.56
1724322478, 78, 23.0, 16.56
1724322479, 79, 23.0, 16.58
1724322480, 80, 23.0, 16.58
1724322481, 81, 24.0, 16.58
1724322482, 81, 24.0, 16.74
1724322483, 81, 24.0, 16.74
1724322484, 81, 24.0, 16.74
1724322485, 80, 24.0, 16.74
1724322486, 80, 25.0, 16.74
1724322487, 80, 25.0, 16.64
1724322488, 81, 25.0, 16.64
1724322489, 81, 25.0, 17.0
1724322490, 82, 25.0, 17.0
1724322491, 82, 25.0, 17.0
1724322492, 83, 25.0, 17.0
1724322493, 83, 25.0, 16.94
1724322494, 84, 25.0, 16.94
1724322495, 84, 25.0, 16.94
1724322496, 84, 28.0, 16.94
1724322497, 84, 28.0, 16.91
1724322498, 85, 28.0, 16.91
1724322499, 85, 28.0, 17.04
1724322500, 85, 28.0, 17.04
1724322501, 85, 29.0, 17.04
1724322502, 85, 29.0, 17.18
1724322503, 84, 29.0, 17.18
1724322504, 83, 29.0, 17.18
1724322505, 82, 29.0, 17.26
1724322506, 82, 33.0, 17.26
1724322507, 82, 33.0, 17.26
1724322508, 83, 33.0, 17.26
1724322509, 83, 33.0, 17.26
1724322510, 83, 33.0, 17.26
1724322511, 83, 33.0, 16.99
1724322512, 83, 33.0, 16.99
1724322513, 83, 33.0, 16.99
1724322514, 83, 33.0, 16.99
1724322515, 83, 33.0, 16.99
1724322516, 83, 33.0, 16.84
1724322517, 84, 33.0, 16.84
1724322518, 84, 33.0, 16.84
1724322519, 84, 33.0, 16.84
1724322520, 84, 33.0, 16.84
1724322521, 84, 33.0, 16.84
1724322522, 85, 33.0, 16.58
1724322523, 86, 33.0, 16.58
1724322524, 85, 33.0, 16.58
1724322525, 85, 33.0, 16.58
1724322526, 85, 29.0, 16.58
1724322527, 86, 29.0, 16.38
1724322528, 85, 29.0, 16.38
1724322529, 83, 29.0, 16.38
1724322530, 83, 29.0, 16.24
1724322531, 83, 35.0, 16.24
1724322532, 82, 35.0, 16.24
1724322533, 82, 35.0, 16.24
1724322534, 81, 35.0, 16.38
1724322535, 81, 35.0, 16.38
1724322536, 80, 38.0, 16.38
1724322537, 80, 38.0, 16.38
1724322538, 80, 38.0, 16.55
1724322539, 79, 38.0, 16.75
1724322540, 79, 38.0, 16.75
1724322541, 79, 39.0, 16.75
1724322542, 79, 39.0, 16.75
1724322543, 79, 39.0, 16.74
1724322544, 79, 39.0, 16.74
1724322545, 79, 39.0, 16.74
1724322546, 79, 40.0, 16.74
1724322547, 79, 40.0, 16.74
1724322548, 80, 40.0, 17.06
1724322549, 80, 40.0, 17.06
1724322550, 80, 40.0, 17.06
1724322551, 80, 41.0, 17.06
1724322552, 80, 41.0, 16.89
1724322553, 81, 41.0, 16.89
1724322554, 81, 41.0, 16.89
1724322555, 80, 41.0, 16.89
1724322556, 78, 42.0, 16.89
1724322557, 78, 42.0, 16.77
1724322558, 78, 42.0, 16.77
1724322559, 77, 42.0, 16.77
1724322560, 76, 42.0, 16.85
1724322561, 76, 36.0, 16.85
1724322562, 76, 36.0, 16.85
1724322563, 75, 36.0, 16.85
1724322564, 74, 36.0, 16.85
1724322565, 74, 36.0, 16.85
1724322566, 74, 33.0, 16.67
1724322567, 75, 33.0, 16.67
1724322568, 76, 33.0, 16.67
1724322569, 76, 33.0, 16.79
1724322570, 77, 33.0, 16.79
1724322571, 77, 33.0, 16.79
1724322572, 77, 33.0, 16.79
1724322573, 77, 33.0, 16.91
1724322574, 77, 33.0, 16.91
1724322575, 77, 33.0, 16.91
1724322576, 78, 33.0, 16.91
1724322577, 78, 33.0, 16.91
1724322578, 79, 33.0, 16.91
1724322579, 79, 33.0, 16.91
1724322580, 79, 33.0, 16.91
1724322581, 78, 32.0, 16.91
1724322582, 78, 32.0, 16.91
1724322583, 77, 32.0, 16.91
1724322584, 74, 32.0, 16.91
1724322585, 73, 32.0, 16.91
1724322586, 73, 31.0, 16.91
1724322587, 74, 31.0, 16.79
1724322588, 74, 31.0, 16.8
1724322589, 75, 31.0, 16.8
1724322590, 77, 31.0, 16.8
1724322591, 76, 27.0, 16.8
1724322592, 75, 27.0, 16.8
1724322593, 74, 27.0, 16.8
1724322594, 74, 27.0, 16.8
1724322595, 75, 27.0, 16.8
1724322596, 75, 27.0, 16.8
1724322597, 75, 27.0, 16.8
1724322598, 75, 27.0, 16.8
1724322599, 75, 27.0, 16.8
1724322600, 74, 27.0, 16.72
1724322601, 74, 27.0, 16.72
1724322602, 74, 27.0, 16.72
1724322603, 72, 27.0, 16.72
1724322604, 70, 27.0, 16.72
1724322605, 68, 27.0, 16.72
1724322606, 68, 25.0, 16.72
1724322607, 67, 25.0, 16.72
1724322608, 67, 25.0, 16.72
1724322609, 67, 25.0, 16.58
1724322610, 67, 25.0, 16.58
1724322611, 67, 22.0, 16.58
1724322612, 67, 22.0, 16.58
1724322613, 67, 22.0, 16.58
1724322614, 67, 22.0, 16.58
1724322615, 67, 22.0, 16.58
1724322616, 67, 19.0, 16.58
1724322617, 68, 19.0, 16.26
1724322618, 68, 19.0, 16.26
1724322619, 68, 19.0, 16.26
1724322620, 68, 19.0, 16.26
1724322621, 68, 21.0, 16.26
1724322622, 68, 21.0, 16.34
1724322623, 69, 21.0, 16.33
1724322624, 79, 21.0, 16.33
1724322625, 93, 21.0, 16.33
1724322626, 94, 21.0, 16.33
1724322627, 97, 21.0, 16.33
1724322628, 98, 21.0, 16.33
1724322629, 97, 21.0, 16.33
1724322630, 96, 21.0, 16.33
1724322631, 95, 22.0, 16.33
1724322632, 94, 22.0, 16.33
1724322633, 89, 22.0, 16.33
1724322634, 89, 22.0, 16.33
1724322635, 89, 22.0, 16.33
1724322636, 89, 22.0, 16.33
1724322637, 89, 22.0, 16.26
1724322638, 89, 22.0, 16.26
1724322639, 89, 22.0, 16.26
1724322640, 88, 22.0, 16.26
1724322641, 88, 25.0, 15.9
1724322642, 87, 25.0, 16.09
1724322643, 85, 25.0, 16.09
1724322644, 84, 25.0, 16.09
1724322645, 84, 25.0, 16.09
1724322646, 85, 39.0, 16.12
1724322647, 85, 39.0, 16.12
1724322648, 85, 39.0, 16.12
1724322649, 84, 39.0, 16.12
1724322650, 84, 39.0, 16.13
1724322651, 83, 38.0, 16.13
1724322652, 83, 38.0, 16.13
1724322653, 82, 38.0, 16.13
1724322654, 79, 38.0, 16.1
1724322655, 80, 38.0, 16.1
1724322656, 81, 36.0, 16.1
1724322657, 82, 36.0, 16.1
1724322658, 83, 36.0, 16.1
1724322659, 84, 36.0, 16.1
1724322660, 87, 36.0, 16.1
1724322661, 88, 37.0, 15.97
1724322662, 88, 37.0, 15.97
1724322663, 88, 37.0, 15.97
1724322664, 88, 37.0, 15.97
1724322665, 88, 37.0, 15.97
1724322666, 88, 37.0, 15.97
1724322667, 87, 37.0, 15.61
1724322668, 87, 37.0, 15.61
1724322669, 87, 37.0, 15.61
1724322670, 87, 37.0, 15.61
1724322671, 87, 38.0, 15.76
1724322672, 87, 38.0, 15.76
1724322673, 88, 38.0, 15.76
1724322674, 88, 38.0, 15.85
1724322675, 89, 38.0, 15.85
1724322676, 89, 32.0, 15.85
1724322677, 89, 32.0, 15.98
1724322678, 89, 32.0, 15.98
1724322679, 90, 32.0, 16.23
1724322680, 90, 32.0, 16.23
1724322681, 91, 39.0, 16.23
1724322682, 91, 39.0, 16.63
1724322683, 91, 39.0, 16.63
1724322684, 90, 39.0, 17.17
1724322685, 90, 39.0, 17.17
1724322686, 90, 47.0, 17.81
1724322687, 89, 47.0, 17.81
1724322688, 88, 47.0, 17.81
1724322689, 88, 47.0, 17.81
1724322690, 87, 47.0, 17.81
1724322691, 86, 51.0, 18.12
1724322692, 86, 51.0, 18.12
1724322693, 85, 51.0, 18.12
1724322694, 85, 51.0, 18.12
1724322695, 85, 51.0, 18.12
1724322696, 84, 57.0, 18.12
1724322697, 84, 57.0, 18.03
1724322698, 84, 57.0, 18.03
1724322699, 83, 57.0, 18.03
1724322700, 83, 57.0, 18.07
1724322701, 82, 62.0, 18.07
1724322702, 82, 62.0, 18.22
1724322703, 82, 62.0, 18.22
1724322704, 82, 62.0, 18.22
1724322705, 83, 62.0, 18.22
1724322706, 87, 66.0, 18.22
1724322707, 88, 66.0, 18.11
1724322708, 88, 66.0, 18.11
1724322709, 89, 66.0, 18.11
1724322710, 89, 66.0, 18.11
1724322711, 90, 60.0, 18.18
1724322712, 90, 60.0, 18.18
1724322713, 90, 60.0, 18.18
1724322714, 90, 60.0, 18.18
1724322715, 89, 60.0, 18.18
1724322716, 89, 54.0, 18.01
1724322717, 86, 54.0, 18.01
1724322718, 84, 54.0, 18.01
1724322719, 84, 54.0, 18.01
1724322720, 84, 54.0, 18.01
1724322721, 85, 47.0, 18.01
1724322722, 85, 47.0, 18.01
1724322723, 86, 47.0, 17.88
1724322724, 89, 47.0, 17.88
1724322725, 92, 47.0, 17.88
1724322726, 92, 42.0, 17.88
1724322727, 93, 42.0, 17.88
1724322728, 93, 42.0, 17.88
1724322729, 94, 42.0, 17.88
1724322730, 94, 42.0, 17.88
1724322731, 94, 39.0, 17.88
1724322732, 95, 39.0, 17.88
1724322733, 94, 39.0, 17.52
1724322734, 94, 39.0, 17.52
1724322735, 91, 39.0, 17.52
1724322736, 89, 38.0, 17.42
1724322737, 88, 38.0, 17.42
1724322738, 87, 38.0, 17.42
1724322739, 87, 38.0, 17.42
1724322740, 87, 38.0, 17.42
1724322741, 87, 44.0, 17.42
1724322742, 87, 44.0, 16.69
1724322743, 87, 44.0, 16.69
1724322744, 88, 44.0, 16.69
1724322745, 88, 44.0, 16.69
1724322746, 88, 50.0, 16.69
1724322747, 87, 50.0, 16.69
1724322748, 87, 50.0, 16.69
1724322749, 86, 50.0, 16.53
1724322750, 86, 50.0, 16.53
1724322751, 83, 51.0, 16.53
1724322752, 81, 51.0, 16.53
1724322753, 81, 51.0, 16.53
1724322754, 81, 51.0, 16.53
1724322755, 81, 51.0, 16.05
1724322756, 81, 55.0, 16.05
1724322757, 81, 55.0, 16.05
1724322758, 81, 55.0, 16.05
1724322759, 81, 55.0, 16.05
1724322760, 81, 55.0, 16.05
1724322761, 81, 54.0, 16.05
1724322762, 81, 54.0, 15.45
1724322763, 81, 54.0, 15.45
1724322764, 81, 54.0, 15.45
1724322765, 81, 54.0, 15.45
1724322766, 81, 53.0, 15.45
1724322767, 82, 53.0, 15.45
1724322768, 82, 53.0, 14.99
1724322769, 81, 53.0, 14.99
1724322770, 81, 53.0, 14.99
1724322771, 81, 48.0, 14.99
1724322772, 81, 48.0, 15.05
1724322773, 81, 48.0, 15.05
1724322774, 81, 48.0, 15.05
1724322775, 82, 48.0, 15.05
1724322776, 82, 45.0, 14.98
1724322777, 82, 45.0, 14.98
1724322778, 81, 45.0, 14.98
1724322779, 81, 45.0, 14.98
1724322780, 81, 45.0, 15.11
1724322781, 81, 46.0, 15.11
1724322782, 81, 46.0, 15.11
1724322783, 81, 46.0, 15.11
1724322784, 81, 46.0, 14.94
1724322785, 81, 46.0, 14.94
1724322786, 82, 45.0, 14.94
1724322787, 84, 45.0, 14.94
1724322788, 86, 45.0, 14.94
1724322789, 87, 45.0, 14.75
1724322790, 87, 45.0, 14.75
1724322791, 87, 50.0, 14.75
1724322792, 87, 50.0, 14.75
1724322793, 86, 50.0, 14.56
1724322794, 85, 50.0, 14.56
1724322795, 84, 50.0, 14.56
1724322796, 82, 54.0, 14.8
1724322797, 81, 54.0, 14.8
1724322798, 80, 54.0, 14.8
1724322799, 80, 54.0, 14.8
1724322800, 79, 54.0, 14.89
1724322801, 78, 60.0, 14.89
1724322802, 77, 60.0, 14.89
1724322803, 77, 60.0, 14.98
1724322804, 76, 60.0, 14.98
1724322805, 76, 60.0, 14.98
1724322806, 75, 55.0, 14.98
1724322807, 75, 55.0, 14.98
1724322808, 75, 55.0, 14.98
1724322809, 74, 55.0, 14.98
1724322810, 75, 55.0, 14.98
1724322811, 75, 49.0, 14.98
1724322812, 76, 49.0, 14.98
1724322813, 76, 49.0, 14.83
1724322814, 77, 49.0, 14.86
1724322815, 78, 49.0, 14.86
1724322816, 79, 46.0, 14.86
1724322817, 81, 46.0, 14.86
1724322818, 82, 46.0, 14.89
1724322819, 82, 46.0, 14.89
1724322820, 83, 46.0, 14.89
1724322821, 83, 39.0, 14.89
1724322822, 83, 39.0, 14.94
1724322823, 83, 39.0, 14.94
1724322824, 83, 39.0, 14.94
1724322825, 82, 39.0, 15.13
1724322826, 82, 36.0, 15.13
1724322827, 81, 36.0, 15.38
1724322828, 81, 36.0, 15.38
1724322829, 80, 36.0, 15.38
1724322830, 80, 36.0, 15.49
1724322831, 80, 32.0, 15.49
1724322832, 80, 32.0, 15.49
1724322833, 80, 32.0, 15.49
1724322834, 80, 32.0, 15.59
1724322835, 80, 32.0, 16.03
1724322836, 80, 33.0, 16.03
1724322837, 80, 33.0, 16.03
1724322838, 80, 33.0, 16.03
1724322839, 80, 33.0, 16.44
1724322840, 80, 33.0, 16.44
1724322841, 79, 39.0, 16.44
1724322842, 79, 39.0, 16.41
1724322843, 79, 39.0, 16.41
1724322844, 80, 39.0, 16.41
1724322845, 80, 39.0, 16.58
1724322846, 80, 41.0, 16.58
1724322847, 80, 41.0, 16.58
1724322848, 81, 41.0, 16.58
1724322849, 81, 41.0, 16.58
1724322850, 81, 41.0, 16.58
1724322851, 81, 42.0, 16.58
1724322852, 81, 42.0, 16.58
1724322853, 82, 42.0, 16.58
1724322854, 82, 42.0, 16.58
1724322855, 82, 42.0, 16.58
1724322856, 83, 41.0, 16.58
1724322857, 83, 41.0, 16.45
1724322858, 82, 41.0, 16.45
1724322859, 82, 41.0, 16.43
1724322860, 82, 41.0, 16.43
1724322861, 81, 38.0, 16.43
1724322862, 81, 38.0, 16.43
1724322863, 80, 38.0, 16.43
1724322864, 79, 38.0, 16.43
1724322865, 78, 38.0, 16.43
1724322866, 77, 29.0, 16.43
1724322867, 77, 29.0, 16.43
1724322868, 76, 29.0, 16.43
1724322869, 77, 29.0, 16.43
1724322870, 77, 29.0, 16.25
1724322871, 77, 24.0, 16.25
1724322872, 78, 24.0, 16.25
1724322873, 78, 24.0, 16.25
1724322874, 78, 24.0, 16.25
1724322875, 78, 24.0, 16.25
1724322876, 78, 21.0, 16.25
1724322877, 78, 21.0, 16.25
1724322878, 77, 21.0, 16.04
1724322879, 77, 21.0, 16.04
1724322880, 77, 21.0, 16.04
1724322881, 76, 20.0, 16.04
1724322882, 76, 20.0, 16.04
1724322883, 76, 20.0, 15.93
1724322884, 76, 20.0, 15.93
1724322885, 76, 20.0, 15.93
1724322886, 75, 17.0, 15.97
1724322887, 75, 17.0, 15.97
1724322888, 75, 17.0, 15.97
1724322889, 75, 17.0, 15.97
1724322890, 75, 17.0, 15.95
1724322891, 75, NaN, 15.95
1724322892, 76, NaN, 15.95
1724322893, 76, NaN, 15.95
1724322894, 76, NaN, 15.95
1724322895, 76, NaN, 15.8
1724322896, 76, 15.0, 15.8
1724322897, 75, 15.0, 15.8
1724322898, 75, 15.0, 15.8
1724322899, 76, 15.0, 15.8
1724322900, 76, 15.0, 15.8
1724322901, 77, 15.0, 15.27
1724322902, 77, 15.0, 15.27
1724322903, 78, 15.0, 15.27
1724322904, 79, 15.0, 15.45
1724322905, 80, 15.0, 15.45
1724322906, 80, 17.0, 15.45
1724322907, 80, 17.0, 15.45
1724322908, 81, 17.0, 15.65
1724322909, 81, 17.0, 15.65
1724322910, 81, 17.0, 15.65
1724322911, 81, 18.0, 15.65
1724322912, 81, 18.0, 15.65
1724322913, 82, 18.0, 15.65
1724322914, 81, 18.0, 15.65
1724322915, 79, 18.0, 15.65
1724322916, 80, 20.0, 15.48
1724322917, 79, 20.0, 15.48
1724322918, 79, 20.0, 15.48
1724322919, 79, 20.0, 15.48
1724322920, 78, 20.0, 15.48
1724322921, 78, 21.0, 15.48
1724322922, 77, 21.0, 15.48
1724322923, 76, 21.0, 15.41
1724322924, 76, 21.0, 15.41
1724322925, 76, 21.0, 15.41
1724322926, 76, 24.0, 15.41
1724322927, 79, 24.0, 15.41
1724322928, 81, 24.0, 15.41
1724322929, 81, 24.0, 15.28
1724322930, 81, 24.0, 15.28
1724322931, 80, 27.0, 15.28
1724322932, 80, 27.0, 15.38
1724322933, 80, 27.0, 15.38
1724322934, 80, 27.0, 15.38
1724322935, 77, 27.0, 15.38
1724322936, 75, 30.0, 15.38
1724322937, 73, 30.0, 15.4
1724322938, 73, 30.0, 15.4
1724322939, 73, 30.0, 15.4
1724322940, 73, 30.0, 15.4
1724322941, 74, 30.0, 15.28
1724322942, 74, 30.0, 15.28
1724322943, 74, 30.0, 15.28
1724322944, 75, 30.0, 15.28
1724322945, 75, 30.0, 15.28
1724322946, 74, 26.0, 15.28
1724322947, 74, 26.0, 15.14
1724322948, 74, 26.0, 15.14
1724322949, 74, 26.0, 15.14
1724322950, 74, 26.0, 15.26
1724322951, 75, 24.0, 15.26
1724322952, 76, 24.0, 15.26
1724322953, 76, 24.0, 15.26
1724322954, 77, 24.0, 15.26
1724322955, 77, 24.0, 15.26
1724322956, 77, 24.0, 15.05
1724322957, 77, 24.0, 15.05
1724322958, 78, 24.0, 15.05
1724322959, 79, 24.0, 15.05
1724322960, 79, 24.0, 15.05
1724322961, 80, 24.0, 15.11
1724322962, 80, 24.0, 15.11
1724322963, 80, 24.0, 15.11
1724322964, 80, 24.0, 15.11
1724322965, 80, 24.0, 15.11
1724322966, 79, 24.0, 15.11
1724322967, 79, 24.0, 15.11
1724322968, 79, 24.0, 15.11
1724322969, 79, 24.0, 15.11
1724322970, 80, 24.0, 15.11
1724322971, 80, 25.0, 14.84
1724322972, 82, 25.0, 14.84
1724322973, 84, 25.0, 14.84
1724322974, 84, 25.0, 14.84
1724322975, 83, 25.0, 14.84
1724322976, 82, 30.0, 14.84
1724322977, 82, 30.0, 14.63
1724322978, 80, 30.0, 14.63
1724322979, 78, 30.0, 14.63
1724322980, 77, 30.0, 14.63
1724322981, 77, 36.0, 14.63
1724322982, 78, 36.0, 14.56
1724322983, 79, 36.0, 14.56
1724322984, 80, 36.0, 14.56
1724322985, 81, 36.0, 14.68
1724322986, 82, 39.0, 14.68
1724322987, 82, 39.0, 14.82
1724322988, 82, 39.0, 14.82
1724322989, 82, 39.0, 14.82
1724322990, 81, 39.0, 14.82
1724322991, 82, 41.0, 14.82
1724322992, 83, 41.0, 14.81
1724322993, 84, 41.0, 14.81
1724322994, 85, 41.0, 14.81
1724322995, 87, 41.0, 14.81
1724322996, 88, 40.0, 14.81
1724322997, 88, 40.0, 14.81
1724322998, 88, 40.0, 14.73
1724322999, 87, 40.0, 14.73
1724323000, 87, 40.0, 14.73
1724323001, 87, 38.0, 14.73
1724323002, 86, 38.0, 14.73
1724323003, 86, 38.0, 14.68
1724323004, 87, 38.0, 14.68
1724323005, 87, 38.0, 14.68
1724323006, 86, 37.0, 14.68
1724323007, 86, 37.0, 14.71
1724323008, 86, 37.0, 14.71
1724323009, 81, 37.0, 14.71
1724323010, 81, 37.0, 14.71
1724323011, 82, 41.0, 14.69
1724323012, 83, 41.0, 14.69
1724323013, 82, 41.0, 14.69
1724323014, 81, 41.0, 14.69
1724323015, 81, 41.0, 14.69
1724323016, 80, 38.0, 14.69
1724323017, 78, 38.0, 14.69
1724323018, 78, 38.0, 14.69
1724323019, 78, 38.0, 14.69
1724323020, 79, 38.0, 14.23
1724323021, 79, 36.0, 14.23
1724323022, 80, 36.0, 14.23
1724323023, 80, 36.0, 14.4
1724323024, 81, 36.0, 14.4
1724323025, 80, 36.0, 14.4
1724323026, 80, 35.0, 14.51
1724323027, 80, 35.0, 14.51
1724323028, 79, 35.0, 14.51
1724323029, 79, 35.0, 14.69
1724323030, 79, 35.0, 14.69
1724323031, 80, 34.0, 14.69
1724323032, 80, 34.0, 14.88
1724323033, 80, 34.0, 14.88
1724323034, 80, 34.0, 15.47
1724323035, 80, 34.0, 15.47
1724323036, 80, 36.0, 15.47
1724323037, 80, 36.0, 16.1
1724323038, 80, 36.0, 16.1
1724323039, 80, 36.0, 16.1
1724323040, 79, 36.0, 17.08
1724323041, 78, 31.0, 17.08
1724323042, 77, 31.0, 17.7
1724323043, 77, 31.0, 17.7
1724323044, 76, 31.0, 17.7
1724323045, 76, 31.0, 17.7
1724323046, 75, 31.0, 17.7
1724323047, 76, 31.0, 17.69
1724323048, 76, 31.0, 17.91
1724323049, 78, 31.0, 17.91
1724323050, 78, 31.0, 17.91
1724323051, 78, 30.0, 17.91
1724323052, 77, 30.0, 17.84
1724323053, 77, 30.0, 17.84
1724323054, 76, 30.0, 17.84
1724323055, 75, 30.0, 17.84
1724323056, 74, 30.0, 17.94
1724323057, 75, 30.0, 17.94
1724323058, 79, 30.0, 17.94
1724323059, 80, 30.0, 17.94
1724323060, 81, 30.0, 17.94
1724323061, 80, 30.0, 17.94
1724323062, 79, 30.0, 17.94
1724323063, 78, 30.0, 17.94
1724323064, 77, 30.0, 17.94
1724323065, 77, 30.0, 17.94
1724323066, 77, 30.0, 17.94
1724323067, 77, 30.0, 17.77
1724323068, 77, 30.0, 17.77
1724323069, 78, 30.0, 17.77
1724323070, 78, 30.0, 17.78
1724323071, 78, 28.0, 17.78
1724323072, 79, 28.0, 17.78
1724323073, 80, 28.0, 17.78
1724323074, 82, 28.0, 17.78
1724323075, 83, 28.0, 17.69
1724323076, 83, 28.0, 17.69
1724323077, 84, 28.0, 17.69
1724323078, 84, 28.0, 17.69
1724323079, 85, 28.0, 17.69
1724323080, 85, 28.0, 17.69
1724323081, 86, 29.0, 17.68
1724323082, 86, 29.0, 17.68
1724323083, 86, 29.0, 17.68
1724323084, 86, 29.0, 17.68
1724323085, 85, 29.0, 17.68
1724323086, 85, 30.0, 17.68
1724323087, 85, 30.0, 17.68
1724323088, 84, 30.0, 17.45
1724323089, 83, 30.0, 17.45
1724323090, 83, 30.0, 17.45
1724323091, 82, 30.0, 17.54
1724323092, 82, 30.0, 17.54
1724323093, 82, 30.0, 17.54
1724323094, 82, 30.0, 17.52
1724323095, 82, 30.0, 17.52
1724323096, 82, 30.0, 17.52
1724323097, 82, 30.0, 17.52
1724323098, 82, 30.0, 17.52
1724323099, 83, 30.0, 17.64
1724323100, 83, 30.0, 17.64
1724323101, 84, 34.0, 17.64
1724323102, 84, 34.0, 17.59
1724323103, 83, 34.0, 17.59
1724323104, 83, 34.0, 17.59
1724323105, 82, 34.0, 17.59
1724323106, 81, 39.0, 17.59
1724323107, 80, 39.0, 17.59
1724323108, 80, 39.0, 17.47
1724323109, 79, 39.0, 17.47
1724323110, 79, 39.0, 17.47
1724323111, 79, 39.0, 17.47
1724323112, 79, 39.0, 17.47
1724323113, 79, 39.0, 17.5
1724323114, 78, 39.0, 17.5
1724323115, 78, 39.0, 17.5
1724323116, 77, 39.0, 17.5
1724323117, 76, 39.0, 17.5
1724323118, 76, 39.0, 17.5
1724323119, 77, 39.0, 17.5
1724323120, 78, 39.0, 17.38
1724323121, 78, 39.0, 17.38
1724323122, 78, 39.0, 17.38
1724323123, 78, 39.0, 17.48
1724323124, 79, 39.0, 17.48
1724323125, 79, 39.0, 17.48
1724323126, 79, 38.0, 17.48
1724323127, 78, 38.0, 17.48
1724323128, 78, 38.0, 17.48
1724323129, 78, 38.0, 17.4
1724323130, 78, 38.0, 17.4
1724323131, 78, 36.0, 17.4
1724323132, 77, 36.0, 17.4
1724323133, 78, 36.0, 17.4
1724323134, 79, 36.0, 17.26
1724323135, 78, 36.0, 17.26
1724323136, 78, 32.0, 17.26
1724323137, 77, 32.0, 17.26
1724323138, 76, 32.0, 17.26
1724323139, 76, 32.0, 17.12
1724323140, 76, 32.0, 17.12
1724323141, 77, 32.0, 17.12
1724323142, 77, 32.0, 17.12
1724323143, 77, 32.0, 17.12
1724323144, 78, 32.0, 17.06
1724323145, 78, 32.0, 17.06
1724323146, 77, 32.0, 17.06
1724323147, 77, 32.0, 17.06
1724323148, 78, 32.0, 17.06
1724323149, 78, 32.0, 17.06
1724323150, 78, 32.0, 17.06
1724323151, 78, 33.0, 17.06
1724323152, 78, 33.0, 17.06
1724323153, 78, 33.0, 16.14
1724323154, 79, 33.0, 16.29
1724323155, 79, 33.0, 16.29
1724323156, 80, 34.0, 16.29
1724323157, 81, 34.0, 16.29
1724323158, 82, 34.0, 16.29
1724323159, 83, 34.0, 16.27
1724323160, 83, 34.0, 16.27
1724323161, 83, 36.0, 16.27
1724323162, 83, 36.0, 16.27
1724323163, 83, 36.0, 16.27
1724323164, 83, 36.0, 16.27
1724323165, 82, 36.0, 16.11
1724323166, 82, 40.0, 16.11
1724323167, 81, 40.0, 16.11
1724323168, 80, 40.0, 16.11
1724323169, 79, 40.0, 16.11
1724323170, 79, 40.0, 16.11
1724323171, 79, 45.0, 16.03
1724323172, 79, 45.0, 16.19
1724323173, 79, 45.0, 16.19
1724323174, 79, 45.0, 16.19
1724323175, 78, 45.0, 16.19
1724323176, 78, 45.0, 16.19
1724323177, 78, 45.0, 16.19
1724323178, 78, 45.0, 16.19
1724323179, 79, 45.0, 16.19
1724323180, 79, 45.0, 16.19
1724323181, 80, 45.0, 16.19
1724323182, 80, 45.0, 16.19
1724323183, 81, 45.0, 16.04
1724323184, 80, 45.0, 16.04
1724323185, 80, 45.0, 16.11
1724323186, 80, 44.0, 16.11
1724323187, 80, 44.0, 16.11
1724323188, 80, 44.0, 16.11
1724323189, 81, 44.0, 16.08
1724323190, 82, 44.0, 16.08
1724323191, 82, 43.0, 16.08
1724323192, 83, 43.0, 16.12
1724323193, 86, 43.0, 16.12
1724323194, 90, 43.0, 16.12
1724323195, 90, 43.0, 16.12
1724323196, 89, 45.0, 16.11
1724323197, 88, 45.0, 16.11
1724323198, 88, 45.0, 16.11
1724323199, 87, 45.0, 16.53
1724323200, 87, 45.0, 16.53
1724323201, 87, 46.0, 16.53
1724323202, 88, 46.0, 16.53
1724323203, 88, 46.0, 16.41
1724323204, 88, 46.0, 16.41
1724323205, 88, 46.0, 16.41
1724323206, 88, 51.0, 16.87
1724323207, 88, 51.0, 16.87
1724323208, 88, 51.0, 16.87
1724323209, 88, 51.0, 16.87
1724323210, 88, 51.0, 16.62
1724323211, 87, 57.0, 16.62
1724323212, 87, 57.0, 16.62
1724323213, 86, 57.0, 16.62
1724323214, 85, 57.0, 16.86
1724323215, 83, 57.0, 16.86
1724323216, 81, 62.0, 16.86
1724323217, 78, 62.0, 16.86
1724323218, 77, 62.0, 16.69
1724323219, 77, 62.0, 16.69
1724323220, 77, 62.0, 16.69
1724323221, 78, 60.0, 16.69
1724323222, 78, 60.0, 16.69
1724323223, 78, 60.0, 16.52
1724323224, 78, 60.0, 16.69
1724323225, 78, 60.0, 16.69
1724323226, 78, 54.0, 16.69
1724323227, 78, 54.0, 16.69
1724323228, 78, 54.0, 16.69
1724323229, 79, 54.0, 16.69
1724323230, 79, 54.0, 16.64
1724323231, 79, 48.0, 16.64
1724323232, 79, 48.0, 16.73
1724323233, 78, 48.0, 16.73
1724323234, 77, 48.0, 16.73
1724323235, 76, 48.0, 16.73
1724323236, 75, 43.0, 16.73
1724323237, 75, 43.0, 16.67
1724323238, 75, 43.0, 16.67
1724323239, 75, 43.0, 16.67
1724323240, 75, 43.0, 16.67
1724323241, 75, 37.0, 16.67
1724323242, 75, 37.0, 16.61
1724323243, 75, 37.0, 16.61
1724323244, 75, 37.0, 16.61
1724323245, 75, 37.0, 16.61
1724323246, 75, 30.0, 16.56
1724323247, 74, 30.0, 16.56
1724323248, 74, 30.0, 16.56
1724323249, 74, 30.0, 16.56
1724323250, 74, 30.0, 16.56
1724323251, 74, NaN, 16.43
1724323252, 74, NaN, 16.43
1724323253, 73, NaN, 16.43
1724323254, 74, NaN, 16.64
1724323255, 76, NaN, 16.64
1724323256, 77, 30.0, 16.64
1724323257, 78, 30.0, 16.71
1724323258, 80, 30.0, 16.71
1724323259, 80, 30.0, 16.71
1724323260, 80, 30.0, 16.71
1724323261, 80, 31.0, 16.71
1724323262, 80, 31.0, 16.48
1724323263, 81, 31.0, 16.48
1724323264, 79, 31.0, 16.48
1724323265, 78, 31.0, 16.65
1724323266, 76, 31.0, 16.65
1724323267, 76, 31.0, 16.65
1724323268, 76, 31.0, 16.81
1724323269, 78, 31.0, 16.81
1724323270, 78, 31.0, 16.93
1724323271, 79, 32.0, 16.93
1724323272, 79, 32.0, 16.93
1724323273, 79, 32.0, 16.93
1724323274, 78, 32.0, 16.95
1724323275, 78, 32.0, 16.95
1724323276, 78, 33.0, 16.95
1724323277, 78, 33.0, 16.87
1724323278, 78, 33.0, 16.87
1724323279, 78, 33.0, 16.87
1724323280, 78, 33.0, 17.16
1724323281, 78, 34.0, 17.16
1724323282, 78, 34.0, 17.16
1724323283, 78, 34.0, 17.16
1724323284, 78, 34.0, 17.16
1724323285, 78, 34.0, 17.19
1724323286, 78, 35.0, 17.53
1724323287, 78, 35.0, 17.53
1724323288, 79, 35.0, 17.53
1724323289, 80, 35.0, 17.53
1724323290, 80, 35.0, 17.53
1724323291, 82, 35.0, 17.53
1724323292, 80, 35.0, 17.53
1724323293, 80, 35.0, 17.53
1724323294, 80, 35.0, 17.35
1724323295, 80, 35.0, 17.48
1724323296, 80, 37.0, 17.48
1724323297, 80, 37.0, 17.48
1724323298, 78, 37.0, 17.48
1724323299, 77, 37.0, 17.48
1724323300, 77, 37.0, 17.48
1724323301, 77, 33.0, 17.38
1724323302, 78, 33.0, 17.38
1724323303, 78, 33.0, 17.38
1724323304, 78, 33.0, 17.38
1724323305, 79, 33.0, 17.38
1724323306, 80, 33.0, 17.38
1724323307, 82, 33.0, 17.38
1724323308, 82, 33.0, 17.38
1724323309, 82, 33.0, 17.27
1724323310, 82, 33.0, 17.27
1724323311, 82, 35.0, 17.27
1724323312, 82, 35.0, 17.27
1724323313, 81, 35.0, 17.27
1724323314, 81, 35.0, 17.19
1724323315, 82, 35.0, 17.19
1724323316, 83, 33.0, 17.19
1724323317, 87, 33.0, 17.28
1724323318, 89, 33.0, 17.28
1724323319, 91, 33.0, 17.28
1724323320, 90, 33.0, 17.27
1724323321, 88, 36.0, 17.27
1724323322, 88, 36.0, 17.27
1724323323, 90, 36.0, 17.27
1724323324, 88, 36.0, 17.27
1724323325, 87, 36.0, 17.27
1724323326, 86, 40.0, 17.27
1724323327, 86, 40.0, 17.15
1724323328, 86, 40.0, 17.15
1724323329, 86, 40.0, 17.15
1724323330, 88, 40.0, 17.15
1724323331, 94, 44.0, 17.15
1724323332, 94, 44.0, 17.15
1724323333, 92, 44.0, 17.16
1724323334, 91, 44.0, 17.16
1724323335, 90, 44.0, 17.16
1724323336, 89, 44.0, 17.16
1724323337, 89, 44.0, 17.16
1724323338, 90, 44.0, 17.16
1724323339, 90, 44.0, 17.01
1724323340, 90, 44.0, 17.01
1724323341, 91, 41.0, 17.01
1724323342, 91, 41.0, 17.01
1724323343, 91, 41.0, 17.14
1724323344, 91, 41.0, 17.14
1724323345, 90, 41.0, 17.14
1724323346, 89, 41.0, 17.14
1724323347, 89, 41.0, 17.14
1724323348, 89, 41.0, 17.14
1724323349, 89, 41.0, 17.14
1724323350, 89, 41.0, 17.03
1724323351, 89, 45.0, 17.03
1724323352, 89, 45.0, 17.03
1724323353, 88, 45.0, 17.03
1724323354, 87, 45.0, 17.03
1724323355, 87, 45.0, 17.03
1724323356, 86, 45.0, 17.03
1724323357, 86, 45.0, 17.03
1724323358, 86, 45.0, 17.03
1724323359, 86, 45.0, 16.92
1724323360, 86, 45.0, 16.92
1724323361, 86, 45.0, 16.92
1724323362, 86, 45.0, 16.92
1724323363, 86, 45.0, 16.92
1724323364, 85, 45.0, 16.92
1724323365, 85, 45.0, 16.92
1724323366, 84, 51.0, 16.92
1724323367, 84, 51.0, 16.78
1724323368, 83, 51.0, 16.78
1724323369, 83, 51.0, 16.87
1724323370, 83, 51.0, 16.87
1724323371, 84, 56.0, 16.87
1724323372, 84, 56.0, 16.87
1724323373, 84, 56.0, 16.87
1724323374, 84, 56.0, 16.87
1724323375, 84, 56.0, 16.87
1724323376, 83, 61.0, 16.76
1724323377, 82, 61.0, 16.76
1724323378, 80, 61.0, 16.76
1724323379, 79, 61.0, 16.76
1724323380, 79, 61.0, 16.76
1724323381, 80, 55.0, 16.73
1724323382, 81, 55.0, 16.73
1724323383, 81, 55.0, 16.73
1724323384, 82, 55.0, 16.79
1724323385, 83, 55.0, 16.79
1724323386, 84, 49.0, 16.79
1724323387, 86, 49.0, 16.79
1724323388, 88, 49.0, 16.79
1724323389, 89, 49.0, 16.79
1724323390, 91, 49.0, 16.79
1724323391, 91, 56.0, 16.66
1724323392, 92, 56.0, 16.66
1724323393, 92, 56.0, 16.66
1724323394, 91, 56.0, 16.75
1724323395, 91, 56.0, 16.75
1724323396, 90, 57.0, 16.75
1724323397, 89, 57.0, 16.75
1724323398, 88, 57.0, 16.75
1724323399, 87, 57.0, 16.61
1724323400, 86, 57.0, 16.61
1724323401, 85, 58.0, 16.61
1724323402, 83, 58.0, 16.61
1724323403, 82, 58.0, 16.61
1724323404, 82, 58.0, 16.61
1724323405, 82, 58.0, 16.47
1724323406, 82, 59.0, 16.47
1724323407, 82, 59.0, 16.47
1724323408, 82, 59.0, 16.47
1724323409, 83, 59.0, 16.47
1724323410, 83, 59.0, 16.47
1724323411, 85, 61.0, 16.47
1724323412, 86, 61.0, 16.47
1724323413, 86, 61.0, 16.21
1724323414, 86, 61.0, 16.21
1724323415, 85, 61.0, 16.21
1724323416, 85, 63.0, 16.21
1724323417, 84, 63.0, 16.02
1724323418, 84, 63.0, 16.02
1724323419, 84, 63.0, 16.02
1724323420, 85, 63.0, 16.02
1724323421, 85, 57.0, 16.14
1724323422, 85, 57.0, 16.14
1724323423, 86, 57.0, 16.14
1724323424, 86, 57.0, 16.14
1724323425, 86, 57.0, 16.14
1724323426, 85, 56.0, 15.67
1724323427, 85, 56.0, 15.67
1724323428, 84, 56.0, 15.67
1724323429, 84, 56.0, 15.84
1724323430, 84, 56.0, 15.84
1724323431, 84, 54.0, 15.84
1724323432, 82, 54.0, 16.16
1724323433, 79, 54.0, 16.16
1724323434, 78, 54.0, 16.41
1724323435, 78, 54.0, 16.41
1724323436, 79, 48.0, 16.41
1724323437, 79, 48.0, 16.41
1724323438, 78, 48.0, 16.41
1724323439, 77, 48.0, 16.41
1724323440, 77, 48.0, 16.31
1724323441, 76, 38.0, 16.31
1724323442, 75, 38.0, 16.47
1724323443, 75, 38.0, 16.47
1724323444, 76, 38.0, 16.47
1724323445, 76, 38.0, 16.54
1724323446, 76, NaN, 16.54
1724323447, 77, NaN, 16.54
1724323448, 77, NaN, 16.68
1724323449, 77, NaN, 16.68
1724323450, 77, NaN, 16.81
1724323451, 77, 27.0, 16.81
1724323452, 76, 27.0, 16.81
1724323453, 76, 27.0, 17.75
1724323454, 77, 27.0, 17.75
1724323455, 77, 27.0, 17.75
1724323456, 77, NaN, 17.75
1724323457, 78, NaN, 17.63
1724323458, 78, NaN, 17.63
1724323459, 78, NaN, 17.63
1724323460, 78, NaN, 17.72
1724323461, 78, 20.0, 17.72
1724323462, 78, 20.0, 17.72
1724323463, 78, 20.0, 17.72
1724323464, 79, 20.0, 17.76
1724323465, 80, 20.0, 17.76
1724323466, 80, 20.0, 17.76
1724323467, 80, 20.0, 17.76
1724323468, 81, 20.0, 17.76
1724323469, 87, 20.0, 17.76
1724323470, 87, 20.0, 17.76
1724323471, 87, 23.0, 17.76
1724323472, 87, 23.0, 17.61
1724323473, 87, 23.0, 17.61
1724323474, 87, 23.0, 17.61
1724323475, 86, 23.0, 17.61
1724323476, 86, 30.0, 17.61
1724323477, 86, 30.0, 17.62
1724323478, 86, 30.0, 17.72
1724323479, 85, 30.0, 17.72
1724323480, 83, 30.0, 17.8
1724323481, 79, 38.0, 17.8
1724323482, 73, 38.0, 17.8
1724323483, 71, 38.0, 17.8
1724323484, 70, 38.0, 17.8
1724323485, 70, 38.0, 17.8
1724323486, 70, 36.0, 17.8
1724323487, 70, 36.0, 17.74
1724323488, 70, 36.0, 17.74
1724323489, 70, 36.0, 17.74
1724323490, 71, 36.0, 17.63
1724323491, 71, 36.0, 17.63
