Timestamp, HR(bpm), Stress(ms), Resp(brpm)
1724311091, 66, 17.0, NaN
1724311092, 66, 17.0, NaN
1724311093, 66, 17.0, NaN
1724311094, 66, 17.0, NaN
1724311095, 66, 17.0, NaN
1724311096, 67, 17.0, NaN
1724311097, 67, 17.0, NaN
1724311098, 67, 17.0, NaN
1724311099, 68, 17.0, NaN
1724311100, 69, 17.0, NaN
1724311101, 69, 16.0, NaN
1724311102, 69, 16.0, NaN
1724311103, 69, 16.0, NaN
1724311104, 69, 16.0, NaN
1724311105, 68, 16.0, NaN
1724311106, 68, 15.0, NaN
1724311107, 69, 15.0, NaN
1724311108, 69, 15.0, 11.77
1724311109, 69, 15.0, 11.77
1724311110, 68, 15.0, 11.77
1724311111, 68, 17.0, 11.77
1724311112, 68, 17.0, 11.77
1724311113, 68, 17.0, 11.77
1724311114, 68, 17.0, 11.77
1724311115, 68, 17.0, 11.77
1724311116, 68, 14.0, 11.77
1724311117, 68, 14.0, 11.77
1724311118, 68, 14.0, 11.77
1724311119, 68, 14.0, 11.77
1724311120, 68, 14.0, 11.77
1724311121, 68, 18.0, 11.77
1724311122, 67, 18.0, 11.77
1724311123, 67, 18.0, 11.7
1724311124, 67, 18.0, 11.7
1724311125, 67, 18.0, 11.7
1724311126, 67, 20.0, 11.7
1724311127, 68, 20.0, 11.7
1724311128, 68, 20.0, 11.7
1724311129, 68, 20.0, 11.7
1724311130, 67, 20.0, 11.73
1724311131, 67, 21.0, 11.73
1724311132, 67, 21.0, 11.73
1724311133, 67, 21.0, 11.73
1724311134, 67, 21.0, 11.73
1724311135, 67, 21.0, 11.8
1724311136, 66, 22.0, 11.8
1724311137, 66, 22.0, 11.8
1724311138, 66, 22.0, 11.8
1724311139, 66, 22.0, 11.8
1724311140, 66, 22.0, 11.77
1724311141, 67, 22.0, 11.77
1724311142, 67, 22.0, 11.77
1724311143, 67, 22.0, 11.77
1724311144, 67, 22.0, 11.82
1724311145, 67, 22.0, 11.82
1724311146, 67, 21.0, 11.82
1724311147, 67, 21.0, 11.82
1724311148, 66, 21.0, 11.92
1724311149, 66, 21.0, 11.92
1724311150, 66, 21.0, 11.92
1724311151, 67, 20.0, 11.94
1724311152, 67, 20.0, 11.94
1724311153, 67, 20.0, 11.94
1724311154, 68, 20.0, 11.94
1724311155, 68, 20.0, 11.97
1724311156, 68, 19.0, 11.97
1724311157, 68, 19.0, 11.97
1724311158, 68, 19.0, 12.1
1724311159, 67, 19.0, 12.1
1724311160, 67, 19.0, 12.1
1724311161, 67, 18.0, 12.1
1724311162, 67, 18.0, 12.1
1724311163, 67, 18.0, 12.09
1724311164, 67, 18.0, 12.09
1724311165, 67, 18.0, 12.09
1724311166, 68, 17.0, 12.09
1724311167, 68, 17.0, 12.22
1724311168, 67, 17.0, 12.22
1724311169, 67, 17.0, 12.22
1724311170, 67, 17.0, 12.22
1724311171, 67, 17.0, 12.45
1724311172, 67, 17.0, 12.45
1724311173, 68, 17.0, 12.45
1724311174, 68, 17.0, 12.45
1724311175, 68, 17.0, 12.45
1724311176, 68, 16.0, 12.45
1724311177, 68, 16.0, 12.39
1724311178, 67, 16.0, 12.39
1724311179, 67, 16.0, 12.39
1724311180, 67, 16.0, 12.39
1724311181, 67, 16.0, 12.39
1724311182, 67, 16.0, 12.48
1724311183, 67, 16.0, 12.48
1724311184, 67, 16.0, 12.48
1724311185, 67, 16.0, 12.47
1724311186, 67, 16.0, 12.47
1724311187, 67, 16.0, 12.47
1724311188, 67, 16.0, 12.47
1724311189, 67, 16.0, 12.47
1724311190, 67, 16.0, 12.47
1724311191, 67, 15.0, 12.44
1724311192, 68, 15.0, 12.44
1724311193, 68, 15.0, 12.44
1724311194, 68, 15.0, 12.44
1724311195, 68, 15.0, 12.6
1724311196, 67, 15.0, 12.6
1724311197, 67, 15.0, 12.6
1724311198, 66, 15.0, 12.75
1724311199, 66, 15.0, 12.75
1724311200, 66, 15.0, 12.93
1724311201, 67, 14.0, 12.93
1724311202, 68, 14.0, 12.93
1724311203, 68, 14.0, 13.05
1724311204, 68, 14.0, 13.05
1724311205, 68, 14.0, 13.05
1724311206, 68, 14.0, 13.05
1724311207, 68, 14.0, 13.05
1724311208, 68, 14.0, 13.05
1724311209, 68, 14.0, 13.0
1724311210, 68, 14.0, 13.0
1724311211, 68, 15.0, 13.0
1724311212, 68, 15.0, 13.0
1724311213, 68, 15.0, 13.0
1724311214, 68, 15.0, 13.0
1724311215, 68, 15.0, 13.0
1724311216, 69, 15.0, 13.0
1724311217, 69, 15.0, 13.0
1724311218, 68, 15.0, 13.0
1724311219, 68, 15.0, 12.97
1724311220, 68, 15.0, 12.97
1724311221, 68, 17.0, 12.97
1724311222, 69, 17.0, 12.97
1724311223, 69, 17.0, 12.97
1724311224, 69, 17.0, 12.99
1724311225, 69, 17.0, 12.99
1724311226, 70, 18.0, 12.99
1724311227, 70, 18.0, 12.99
1724311228, 68, 18.0, 12.99
1724311229, 68, 18.0, 12.99
1724311230, 68, 18.0, 12.99
1724311231, 69, 19.0, 12.99
1724311232, 69, 19.0, 12.35
1724311233, 69, 19.0, 12.35
1724311234, 69, 19.0, 12.35
1724311235, 69, 19.0, 12.35
1724311236, 69, 20.0, 12.48
1724311237, 69, 20.0, 12.48
1724311238, 69, 20.0, 12.48
1724311239, 70, 20.0, 12.7
1724311240, 70, 20.0, 12.7
1724311241, 71, NaN, 12.7
1724311242, 71, NaN, 12.7
1724311243, 71, NaN, 12.79
1724311244, 71, NaN, 12.79
1724311245, 71, NaN, 12.79
1724311246, 69, NaN, 12.79
1724311247, 68, NaN, 12.84
1724311248, 68, NaN, 12.84
1724311249, 67, NaN, 12.84
1724311250, 67, NaN, 12.84
1724311251, 67, 20.0, 12.84
1724311252, 67, 20.0, 12.84
1724311253, 67, 20.0, 12.72
1724311254, 67, 20.0, 12.72
1724311255, 67, 20.0, 12.97
1724311256, 68, 19.0, 12.97
1724311257, 68, 19.0, 12.97
1724311258, 68, 19.0, 12.97
1724311259, 67, 19.0, 12.97
1724311260, 67, 19.0, 13.09
1724311261, 66, 18.0, 13.09
1724311262, 66, 18.0, 13.09
1724311263, 66, 18.0, 13.09
1724311264, 66, 18.0, 13.09
1724311265, 66, 18.0, 13.09
1724311266, 66, 18.0, 13.09
1724311267, 66, 18.0, 13.02
1724311268, 66, 18.0, 13.02
1724311269, 66, 18.0, 13.02
1724311270, 66, 18.0, 13.02
1724311271, 66, 19.0, 13.02
1724311272, 67, 19.0, 13.02
1724311273, 67, 19.0, 13.02
1724311274, 67, 19.0, 13.02
1724311275, 67, 19.0, 13.02
1724311276, 67, 19.0, 13.02
1724311277, 67, 19.0, 13.02
1724311278, 67, 19.0, 13.02
1724311279, 67, 19.0, 13.02
1724311280, 67, 19.0, 12.95
1724311281, 67, 18.0, 12.95
1724311282, 66, 18.0, 12.95
1724311283, 66, 18.0, 12.95
1724311284, 66, 18.0, 12.95
1724311285, 66, 18.0, 12.95
1724311286, 67, 18.0, 12.92
1724311287, 67, 18.0, 12.92
1724311288, 67, 18.0, 12.92
1724311289, 67, 18.0, 12.92
1724311290, 67, 18.0, 12.96
1724311291, 67, 18.0, 12.96
1724311292, 66, 18.0, 12.96
1724311293, 66, 18.0, 13.06
1724311294, 66, 18.0, 13.06
1724311295, 66, 18.0, 13.06
1724311296, 67, 17.0, 13.06
1724311297, 67, 17.0, 13.09
1724311298, 68, 17.0, 13.09
1724311299, 68, 17.0, 13.09
1724311300, 68, 17.0, 13.09
1724311301, 68, 16.0, 13.38
1724311302, 68, 16.0, 13.38
1724311303, 68, 16.0, 13.38
1724311304, 68, 16.0, 13.84
1724311305, 68, 16.0, 13.84
1724311306, 67, 16.0, 13.84
1724311307, 67, 16.0, 13.97
1724311308, 68, 16.0, 13.97
1724311309, 68, 16.0, 13.97
1724311310, 68, 16.0, 13.97
1724311311, 68, 16.0, 13.97
1724311312, 68, 16.0, 13.97
1724311313, 68, 16.0, 13.97
1724311314, 68, 16.0, 13.88
1724311315, 68, 16.0, 14.08
1724311316, 67, 17.0, 14.08
1724311317, 67, 17.0, 14.08
1724311318, 67, 17.0, 14.08
1724311319, 68, 17.0, 14.08
1724311320, 68, 17.0, 14.08
1724311321, 68, 17.0, 14.08
1724311322, 68, 17.0, 14.2
1724311323, 68, 17.0, 14.2
1724311324, 68, 17.0, 14.2
1724311325, 68, 17.0, 14.25
1724311326, 68, 19.0, 14.25
1724311327, 67, 19.0, 14.25
1724311328, 67, 19.0, 14.25
1724311329, 67, 19.0, 14.26
1724311330, 67, 19.0, 14.26
1724311331, 67, 19.0, 14.26
1724311332, 67, 19.0, 14.26
1724311333, 67, 19.0, 14.26
1724311334, 67, 19.0, 14.26
1724311335, 67, 19.0, 14.26
1724311336, 68, 20.0, 14.26
1724311337, 68, 20.0, 14.1
1724311338, 68, 20.0, 14.3
1724311339, 68, 20.0, 14.3
1724311340, 68, 20.0, 14.3
1724311341, 68, 21.0, 14.3
1724311342, 68, 21.0, 14.3
1724311343, 68, 21.0, 14.3
1724311344, 68, 21.0, 14.3
1724311345, 68, 21.0, 14.3
1724311346, 68, 21.0, 14.2
1724311347, 68, 21.0, 14.2
1724311348, 68, 21.0, 14.32
1724311349, 68, 21.0, 14.32
1724311350, 68, 21.0, 14.32
1724311351, 68, 21.0, 14.32
1724311352, 67, 21.0, 14.29
1724311353, 67, 21.0, 14.29
1724311354, 67, 21.0, 14.29
1724311355, 68, 21.0, 14.29
1724311356, 68, 22.0, 14.38
1724311357, 68, 22.0, 14.38
1724311358, 68, 22.0, 14.38
1724311359, 68, 22.0, 14.6
1724311360, 68, 22.0, 14.86
1724311361, 68, 22.0, 14.86
1724311362, 68, 22.0, 14.86
1724311363, 68, 22.0, 14.86
1724311364, 68, 22.0, 14.93
1724311365, 68, 22.0, 14.93
1724311366, 67, 22.0, 14.93
1724311367, 66, 22.0, 15.31
1724311368, 66, 22.0, 15.31
1724311369, 65, 22.0, 15.31
1724311370, 65, 22.0, 15.31
1724311371, 65, 22.0, 15.31
1724311372, 65, 22.0, 15.31
1724311373, 66, 22.0, 15.31
1724311374, 66, 22.0, 15.31
1724311375, 66, 22.0, 15.31
1724311376, 66, 21.0, 15.31
1724311377, 66, 21.0, 15.2
1724311378, 66, 21.0, 15.33
1724311379, 66, 21.0, 15.33
1724311380, 66, 21.0, 15.33
1724311381, 66, 21.0, 15.33
1724311382, 66, 21.0, 15.33
1724311383, 66, 21.0, 15.27
1724311384, 66, 21.0, 15.27
1724311385, 66, 21.0, 15.27
1724311386, 66, 21.0, 15.27
1724311387, 66, 21.0, 15.27
1724311388, 66, 21.0, 15.27
1724311389, 66, 21.0, 15.27
1724311390, 66, 21.0, 15.18
1724311391, 66, 20.0, 15.18
1724311392, 66, 20.0, 15.18
1724311393, 66, 20.0, 15.27
1724311394, 66, 20.0, 15.27
1724311395, 66, 20.0, 15.27
1724311396, 66, 19.0, 15.39
1724311397, 66, 19.0, 15.39
1724311398, 66, 19.0, 15.39
1724311399, 66, 19.0, 15.39
1724311400, 66, 19.0, 15.39
1724311401, 66, 18.0, 15.39
1724311402, 66, 18.0, 15.39
1724311403, 66, 18.0, 15.21
1724311404, 66, 18.0, 15.21
1724311405, 66, 18.0, 15.21
1724311406, 66, 19.0, 15.21
1724311407, 66, 19.0, 15.35
1724311408, 67, 19.0, 15.35
1724311409, 67, 19.0, 15.35
1724311410, 66, 19.0, 15.35
1724311411, 66, 19.0, 15.29
1724311412, 66, 19.0, 15.29
1724311413, 66, 19.0, 15.45
1724311414, 66, 19.0, 15.45
1724311415, 66, 19.0, 15.45
1724311416, 66, 17.0, 15.45
1724311417, 66, 17.0, 15.52
1724311418, 65, 17.0, 15.78
1724311419, 65, 17.0, 15.78
1724311420, 65, 17.0, 15.78
1724311421, 66, 16.0, 15.78
1724311422, 66, 16.0, 15.78
1724311423, 66, 16.0, 15.72
1724311424, 66, 16.0, 15.72
1724311425, 66, 16.0, 15.98
1724311426, 66, 16.0, 15.98
1724311427, 66, 16.0, 15.98
1724311428, 66, 16.0, 15.98
1724311429, 66, 16.0, 15.98
1724311430, 66, 16.0, 15.98
1724311431, 66, 15.0, 15.98
1724311432, 66, 15.0, 15.98
1724311433, 65, 15.0, 15.98
1724311434, 65, 15.0, 15.98
1724311435, 65, 15.0, 15.98
1724311436, 65, 15.0, 15.98
1724311437, 65, 15.0, 15.84
1724311438, 65, 15.0, 15.84
1724311439, 65, 15.0, 15.84
1724311440, 65, 15.0, 15.84
1724311441, 64, 14.0, 15.84
1724311442, 64, 14.0, 15.8
1724311443, 64, 14.0, 15.8
1724311444, 63, 14.0, 15.93
1724311445, 63, 14.0, 15.93
1724311446, 64, 12.0, 15.93
1724311447, 64, 12.0, 15.93
1724311448, 64, 12.0, 15.93
1724311449, 64, 12.0, 15.93
1724311450, 64, 12.0, 15.93
1724311451, 64, 12.0, 15.86
1724311452, 64, 12.0, 15.86
1724311453, 65, 12.0, 15.86
1724311454, 65, 12.0, 15.86
1724311455, 66, 12.0, 15.86
1724311456, 66, 11.0, 15.86
1724311457, 67, 11.0, 15.81
1724311458, 67, 11.0, 15.81
1724311459, 68, 11.0, 15.83
1724311460, 68, 11.0, 15.83
1724311461, 68, 11.0, 15.83
1724311462, 67, 11.0, 15.87
1724311463, 67, 11.0, 15.87
1724311464, 67, 11.0, 15.87
1724311465, 67, 11.0, 15.87
1724311466, 67, 12.0, 15.87
1724311467, 67, 12.0, 16.1
1724311468, 67, 12.0, 16.1
1724311469, 67, 12.0, 16.14
1724311470, 67, 12.0, 16.14
1724311471, 67, 12.0, 16.14
1724311472, 68, 12.0, 16.14
1724311473, 68, 12.0, 16.14
1724311474, 68, 12.0, 15.77
1724311475, 68, 12.0, 15.77
1724311476, 68, 12.0, 15.77
1724311477, 68, 12.0, 15.77
1724311478, 68, 12.0, 15.78
1724311479, 68, 12.0, 15.78
1724311480, 68, 12.0, 15.78
1724311481, 68, 12.0, 15.78
1724311482, 68, 12.0, 15.78
1724311483, 68, 12.0, 15.78
1724311484, 68, 12.0, 15.78
1724311485, 68, 12.0, 15.51
1724311486, 68, 15.0, 15.51
1724311487, 68, 15.0, 15.51
1724311488, 68, 15.0, 15.51
1724311489, 68, 15.0, 15.51
1724311490, 68, 15.0, 15.51
1724311491, 66, 14.0, 15.07
1724311492, 66, 14.0, 15.07
1724311493, 65, 14.0, 15.07
1724311494, 65, 14.0, 15.07
1724311495, 65, 14.0, 15.07
1724311496, 65, 13.0, 15.07
1724311497, 65, 13.0, 15.03
1724311498, 65, 13.0, 15.03
1724311499, 66, 13.0, 15.03
1724311500, 67, 13.0, 15.03
1724311501, 67, 13.0, 14.76
1724311502, 67, 13.0, 14.76
1724311503, 68, 13.0, 14.76
1724311504, 68, 13.0, 14.94
1724311505, 68, 13.0, 14.94
1724311506, 68, 15.0, 14.94
1724311507, 67, 15.0, 14.98
1724311508, 67, 15.0, 14.98
1724311509, 67, 15.0, 14.98
1724311510, 67, 15.0, 15.23
1724311511, 67, 16.0, 15.23
1724311512, 67, 16.0, 15.23
1724311513, 67, 16.0, 15.23
1724311514, 67, 16.0, 15.25
1724311515, 68, 16.0, 15.25
1724311516, 68, 16.0, 15.25
1724311517, 69, 16.0, 15.25
1724311518, 68, 16.0, 15.25
1724311519, 68, 16.0, 15.25
1724311520, 68, 16.0, 15.25
1724311521, 68, 17.0, 15.25
1724311522, 67, 17.0, 15.08
1724311523, 67, 17.0, 15.08
1724311524, 67, 17.0, 15.08
1724311525, 67, 17.0, 15.08
1724311526, 67, 16.0, 15.08
1724311527, 67, 16.0, 15.08
1724311528, 68, 16.0, 15.08
1724311529, 68, 16.0, 15.08
1724311530, 68, 16.0, 14.92
1724311531, 68, 15.0, 14.92
1724311532, 68, 15.0, 14.92
1724311533, 68, 15.0, 14.92
1724311534, 68, 15.0, 14.92
1724311535, 68, 15.0, 14.83
1724311536, 68, 14.0, 14.83
1724311537, 67, 14.0, 14.83
1724311538, 67, 14.0, 14.83
1724311539, 66, 14.0, 14.83
1724311540, 66, 14.0, 14.83
1724311541, 66, 14.0, 14.83
1724311542, 66, 14.0, 14.83
1724311543, 66, 14.0, 14.41
1724311544, 67, 14.0, 14.41
1724311545, 67, 14.0, 14.54
1724311546, 67, 14.0, 14.54
1724311547, 67, 14.0, 14.63
1724311548, 67, 14.0, 14.63
1724311549, 67, 14.0, 14.63
1724311550, 66, 14.0, 14.63
1724311551, 66, 15.0, 14.63
1724311552, 66, 15.0, 14.63
1724311553, 66, 15.0, 14.63
1724311554, 66, 15.0, 14.63
1724311555, 66, 15.0, 14.63
1724311556, 66, 17.0, 14.59
1724311557, 66, 17.0, 14.59
1724311558, 66, 17.0, 14.59
1724311559, 66, 17.0, 14.59
1724311560, 66, 17.0, 14.59
1724311561, 66, 19.0, 14.54
1724311562, 65, 19.0, 14.54
1724311563, 65, 19.0, 14.54
1724311564, 66, 19.0, 14.54
1724311565, 66, 19.0, 14.62
1724311566, 66, 19.0, 14.62
1724311567, 66, 19.0, 14.62
1724311568, 66, 19.0, 14.62
1724311569, 66, 19.0, 14.62
1724311570, 66, 19.0, 14.62
1724311571, 66, 19.0, 14.62
1724311572, 66, 19.0, 14.62
1724311573, 66, 19.0, 14.62
1724311574, 66, 19.0, 14.54
1724311575, 66, 19.0, 14.54
1724311576, 66, 18.0, 14.54
1724311577, 66, 18.0, 14.54
1724311578, 65, 18.0, 14.54
1724311579, 65, 18.0, 14.54
1724311580, 65, 18.0, 14.54
1724311581, 66, 17.0, 14.44
1724311582, 66, 17.0, 14.44
1724311583, 66, 17.0, 14.44
1724311584, 66, 17.0, 14.49
1724311585, 67, 17.0, 14.49
1724311586, 68, 15.0, 14.49
1724311587, 70, 15.0, 14.49
1724311588, 70, 15.0, 14.49
1724311589, 70, 15.0, 14.49
1724311590, 70, 15.0, 14.49
1724311591, 70, NaN, 14.49
1724311592, 70, NaN, 14.49
1724311593, 69, NaN, 14.49
1724311594, 69, NaN, 14.33
1724311595, 69, NaN, 14.33
1724311596, 68, NaN, 14.33
1724311597, 68, NaN, 14.59
1724311598, 68, NaN, 14.59
1724311599, 67, NaN, 14.59
1724311600, 67, NaN, 14.59
1724311601, 67, 15.0, 14.58
1724311602, 67, 15.0, 14.58
1724311603, 67, 15.0, 14.58
1724311604, 66, 15.0, 14.91
1724311605, 66, 15.0, 14.91
1724311606, 66, 16.0, 14.91
1724311607, 66, 16.0, 14.91
1724311608, 66, 16.0, 14.81
1724311609, 66, 16.0, 14.81
1724311610, 66, 16.0, 14.81
1724311611, 66, 16.0, 14.81
1724311612, 66, 16.0, 14.81
1724311613, 66, 16.0, 14.78
1724311614, 66, 16.0, 14.78
1724311615, 67, 16.0, 14.78
1724311616, 67, 16.0, 14.78
1724311617, 67, 16.0, 14.78
1724311618, 68, 16.0, 14.71
1724311619, 68, 16.0, 14.98
1724311620, 68, 16.0, 14.98
1724311621, 68, 17.0, 14.98
1724311622, 68, 17.0, 15.17
1724311623, 68, 17.0, 15.17
1724311624, 68, 17.0, 15.17
1724311625, 68, 17.0, 15.26
1724311626, 68, 18.0, 15.26
1724311627, 69, 18.0, 15.26
1724311628, 68, 18.0, 15.52
1724311629, 68, 18.0, 15.52
1724311630, 68, 18.0, 15.52
1724311631, 68, 18.0, 16.23
1724311632, 68, 18.0, 16.23
1724311633, 68, 18.0, 16.23
1724311634, 68, 18.0, 16.23
1724311635, 68, 18.0, 16.23
1724311636, 68, 18.0, 16.17
1724311637, 68, 18.0, 16.17
1724311638, 68, 18.0, 16.17
1724311639, 68, 18.0, 16.12
1724311640, 68, 18.0, 16.12
1724311641, 68, 19.0, 16.12
1724311642, 67, 19.0, 16.12
1724311643, 67, 19.0, 16.17
1724311644, 66, 19.0, 16.17
1724311645, 66, 19.0, 16.17
1724311646, 66, 20.0, 16.17
1724311647, 66, 20.0, 16.17
1724311648, 67, 20.0, 16.17
1724311649, 68, 20.0, 16.17
1724311650, 67, 20.0, 16.17
1724311651, 67, 20.0, 16.03
1724311652, 67, 20.0, 16.03
1724311653, 67, 20.0, 16.03
1724311654, 67, 20.0, 16.17
1724311655, 67, 20.0, 16.17
1724311656, 68, 18.0, 16.17
1724311657, 68, 18.0, 16.14
1724311658, 68, 18.0, 16.14
1724311659, 68, 18.0, 16.14
1724311660, 68, 18.0, 16.25
1724311661, 68, 18.0, 16.25
1724311662, 69, 18.0, 16.25
1724311663, 70, 18.0, 16.25
1724311664, 70, 18.0, 16.21
1724311665, 70, 18.0, 16.21
1724311666, 70, NaN, 16.21
1724311667, 70, NaN, 16.59
1724311668, 71, NaN, 16.59
1724311669, 71, NaN, 16.59
1724311670, 71, NaN, 16.84
1724311671, 71, 16.0, 16.84
1724311672, 71, 16.0, 16.84
1724311673, 71, 16.0, 16.84
1724311674, 70, 16.0, 16.84
1724311675, 70, 16.0, 16.84
1724311676, 70, 15.0, 16.84
1724311677, 70, 15.0, 16.84
1724311678, 70, 15.0, 16.84
1724311679, 70, 15.0, 16.7
1724311680, 69, 15.0, 16.7
1724311681, 69, 12.0, 16.7
1724311682, 69, 12.0, 16.7
1724311683, 69, 12.0, 16.63
1724311684, 69, 12.0, 16.63
1724311685, 70, 12.0, 16.63
1724311686, 70, 12.0, 16.63
1724311687, 70, 12.0, 16.63
1724311688, 70, 12.0, 16.63
1724311689, 71, 12.0, 16.63
1724311690, 71, 12.0, 16.55
1724311691, 71, 10.0, 16.55
1724311692, 71, 10.0, 16.65
1724311693, 70, 10.0, 16.65
1724311694, 70, 10.0, 16.65
1724311695, 69, 10.0, 16.72
1724311696, 69, 11.0, 16.72
1724311697, 68, 11.0, 16.72
1724311698, 68, 11.0, 16.73
1724311699, 68, 11.0, 16.73
1724311700, 67, 11.0, 16.73
1724311701, 67, 11.0, 16.84
1724311702, 67, 11.0, 16.84
1724311703, 67, 11.0, 16.84
1724311704, 67, 11.0, 16.84
1724311705, 67, 11.0, 16.84
1724311706, 68, 12.0, 16.84
1724311707, 68, 12.0, 16.84
1724311708, 68, 12.0, 16.69
1724311709, 68, 12.0, 16.69
1724311710, 68, 12.0, 16.69
1724311711, 68, 14.0, 16.69
1724311712, 68, 14.0, 16.69
1724311713, 67, 14.0, 16.69
1724311714, 67, 14.0, 16.69
1724311715, 67, 14.0, 16.69
1724311716, 67, 14.0, 16.69
1724311717, 67, 14.0, 16.69
1724311718, 66, 14.0, 16.46
1724311719, 66, 14.0, 16.46
1724311720, 66, 14.0, 16.46
1724311721, 66, 15.0, 16.46
1724311722, 66, 15.0, 16.46
1724311723, 66, 15.0, 16.29
1724311724, 66, 15.0, 16.29
1724311725, 66, 15.0, 16.29
1724311726, 66, 14.0, 16.41
1724311727, 66, 14.0, 16.41
1724311728, 67, 14.0, 16.41
1724311729, 67, 14.0, 16.41
1724311730, 67, 14.0, 16.41
1724311731, 68, 14.0, 16.41
1724311732, 68, 14.0, 16.41
1724311733, 68, 14.0, 16.27
1724311734, 68, 14.0, 16.27
1724311735, 68, 14.0, 16.27
1724311736, 68, 15.0, 16.34
1724311737, 68, 15.0, 16.34
1724311738, 68, 15.0, 16.34
1724311739, 68, 15.0, 16.34
1724311740, 68, 15.0, 16.34
1724311741, 68, 15.0, 16.3
1724311742, 67, 15.0, 16.3
1724311743, 67, 15.0, 16.3
1724311744, 67, 15.0, 16.31
1724311745, 67, 15.0, 16.31
1724311746, 67, 16.0, 16.31
1724311747, 66, 16.0, 16.31
1724311748, 66, 16.0, 16.3
1724311749, 65, 16.0, 16.3
1724311750, 65, 16.0, 16.65
1724311751, 65, 17.0, 16.65
1724311752, 65, 17.0, 16.65
1724311753, 66, 17.0, 16.65
1724311754, 66, 17.0, 16.65
1724311755, 66, 17.0, 16.6
1724311756, 66, 18.0, 16.6
1724311757, 66, 18.0, 16.6
1724311758, 66, 18.0, 16.6
1724311759, 66, 18.0, 16.64
1724311760, 66, 18.0, 16.64
1724311761, 66, 17.0, 16.64
1724311762, 66, 17.0, 16.64
1724311763, 66, 17.0, 16.45
1724311764, 66, 17.0, 16.45
1724311765, 66, 17.0, 16.45
1724311766, 66, 16.0, 16.45
1724311767, 66, 16.0, 16.45
1724311768, 66, 16.0, 16.6
1724311769, 66, 16.0, 16.6
1724311770, 66, 16.0, 16.59
1724311771, 66, 16.0, 16.59
1724311772, 66, 16.0, 16.59
1724311773, 66, 16.0, 16.59
1724311774, 66, 16.0, 16.59
1724311775, 66, 16.0, 16.46
1724311776, 66, 15.0, 16.46
1724311777, 66, 15.0, 16.46
1724311778, 67, 15.0, 16.46
1724311779, 67, 15.0, 16.46
1724311780, 67, 15.0, 16.46
1724311781, 67, 14.0, 16.3
1724311782, 67, 14.0, 16.3
1724311783, 67, 14.0, 16.3
1724311784, 66, 14.0, 16.32
1724311785, 66, 14.0, 16.32
1724311786, 66, 15.0, 16.32
1724311787, 66, 15.0, 16.51
1724311788, 66, 15.0, 16.51
1724311789, 66, 15.0, 16.51
1724311790, 66, 15.0, 16.51
1724311791, 66, 15.0, 16.51
1724311792, 66, 15.0, 16.38
1724311793, 66, 15.0, 16.38
1724311794, 66, 15.0, 16.38
1724311795, 66, 15.0, 16.38
1724311796, 66, 15.0, 16.35
1724311797, 66, 15.0, 16.35
1724311798, 66, 15.0, 16.35
1724311799, 66, 15.0, 15.88
1724311800, 66, 15.0, 15.88
1724311801, 66, 14.0, 15.88
1724311802, 66, 14.0, 15.88
1724311803, 66, 14.0, 16.18
1724311804, 67, 14.0, 16.18
1724311805, 67, 14.0, 16.18
1724311806, 67, 14.0, 16.23
1724311807, 67, 14.0, 16.23
1724311808, 67, 14.0, 16.23
1724311809, 68, 14.0, 16.23
1724311810, 67, 14.0, 16.46
1724311811, 67, 12.0, 16.46
1724311812, 68, 12.0, 16.68
1724311813, 67, 12.0, 16.68
1724311814, 67, 12.0, 16.68
1724311815, 67, 12.0, 16.92
1724311816, 67, 10.0, 16.92
1724311817, 66, 10.0, 16.92
1724311818, 66, 10.0, 16.89
1724311819, 66, 10.0, 16.89
1724311820, 66, 10.0, 16.89
1724311821, 66, 9.0, 16.89
1724311822, 66, 9.0, 16.93
1724311823, 66, 9.0, 16.93
1724311824, 66, 9.0, 16.93
1724311825, 66, 9.0, 16.9
1724311826, 67, 8.0, 16.9
1724311827, 67, 8.0, 16.9
1724311828, 67, 8.0, 16.9
1724311829, 67, 8.0, 16.9
1724311830, 66, 8.0, 16.9
1724311831, 67, 8.0, 16.9
1724311832, 67, 8.0, 16.78
1724311833, 67, 8.0, 16.95
1724311834, 67, 8.0, 16.95
1724311835, 67, 8.0, 16.95
1724311836, 67, 9.0, 16.95
1724311837, 66, 9.0, 16.88
1724311838, 66, 9.0, 16.88
1724311839, 66, 9.0, 16.88
1724311840, 66, 9.0, 17.05
1724311841, 66, 11.0, 17.05
1724311842, 66, 11.0, 17.21
1724311843, 66, 11.0, 17.21
1724311844, 66, 11.0, 17.21
1724311845, 66, 11.0, 17.21
1724311846, 66, 12.0, 17.18
1724311847, 66, 12.0, 17.18
1724311848, 66, 12.0, 17.18
1724311849, 66, 12.0, 17.22
1724311850, 66, 12.0, 17.22
1724311851, 66, 13.0, 17.31
1724311852, 66, 13.0, 17.31
1724311853, 66, 13.0, 17.31
1724311854, 66, 13.0, 17.31
1724311855, 67, 13.0, 17.48
1724311856, 67, 14.0, 17.48
1724311857, 68, 14.0, 17.48
1724311858, 68, 14.0, 17.45
1724311859, 68, 14.0, 17.45
1724311860, 67, 14.0, 17.73
1724311861, 67, 15.0, 17.73
1724311862, 67, 15.0, 18.05
1724311863, 68, 15.0, 18.05
1724311864, 68, 15.0, 18.05
1724311865, 69, 15.0, 18.05
1724311866, 69, 15.0, 18.05
1724311867, 69, 15.0, 17.97
1724311868, 69, 15.0, 17.97
1724311869, 69, 15.0, 17.97
1724311870, 69, 15.0, 17.97
1724311871, 69, NaN, 17.97
1724311872, 70, NaN, 17.9
1724311873, 70, NaN, 17.9
1724311874, 69, NaN, 17.9
1724311875, 69, NaN, 17.9
1724311876, 69, NaN, 17.87
1724311877, 69, NaN, 17.87
1724311878, 68, NaN, 17.87
1724311879, 68, NaN, 17.87
1724311880, 68, NaN, 17.81
1724311881, 68, 16.0, 17.81
1724311882, 67, 16.0, 17.81
1724311883, 67, 16.0, 17.97
1724311884, 67, 16.0, 17.97
1724311885, 67, 16.0, 17.97
1724311886, 67, 18.0, 17.97
1724311887, 68, 18.0, 17.97
1724311888, 68, 18.0, 17.97
1724311889, 68, 18.0, 17.71
1724311890, 68, 18.0, 17.86
1724311891, 68, 19.0, 17.86
1724311892, 68, 19.0, 17.86
1724311893, 68, 19.0, 17.86
1724311894, 68, 19.0, 17.99
1724311895, 68, 19.0, 17.99
1724311896, 67, 19.0, 17.97
1724311897, 67, 19.0, 17.97
1724311898, 67, 19.0, 17.97
1724311899, 67, 19.0, 17.97
1724311900, 67, 19.0, 17.97
1724311901, 68, 19.0, 17.97
1724311902, 68, 19.0, 18.03
1724311903, 68, 19.0, 18.03
1724311904, 68, 19.0, 18.03
1724311905, 68, 19.0, 18.03
1724311906, 69, 20.0, 18.03
1724311907, 69, 20.0, 18.03
1724311908, 69, 20.0, 17.88
1724311909, 69, 20.0, 17.88
1724311910, 69, 20.0, 17.88
1724311911, 69, NaN, 17.88
1724311912, 69, NaN, 17.85
1724311913, 69, NaN, 17.85
1724311914, 69, NaN, 17.85
1724311915, 69, NaN, 17.85
1724311916, 69, NaN, 17.75
1724311917, 69, NaN, 17.75
1724311918, 68, NaN, 17.75
1724311919, 68, NaN, 17.75
1724311920, 69, NaN, 17.68
1724311921, 69, 22.0, 17.68
1724311922, 69, 22.0, 17.68
1724311923, 68, 22.0, 17.68
1724311924, 68, 22.0, 17.68
1724311925, 68, 22.0, 17.68
1724311926, 68, 22.0, 17.68
1724311927, 68, 22.0, 17.68
1724311928, 67, 22.0, 17.3
1724311929, 67, 22.0, 17.3
1724311930, 66, 22.0, 17.45
1724311931, 66, 23.0, 17.45
1724311932, 65, 23.0, 17.45
1724311933, 65, 23.0, 17.45
1724311934, 65, 23.0, 17.45
1724311935, 65, 23.0, 17.33
1724311936, 65, 22.0, 17.33
1724311937, 65, 22.0, 17.33
1724311938, 66, 22.0, 17.42
1724311939, 66, 22.0, 17.42
1724311940, 66, 22.0, 17.42
1724311941, 66, 20.0, 17.42
1724311942, 66, 20.0, 17.42
1724311943, 66, 20.0, 17.42
1724311944, 66, 20.0, 17.42
1724311945, 66, 20.0, 17.42
1724311946, 66, 18.0, 17.42
1724311947, 66, 18.0, 17.42
1724311948, 66, 18.0, 17.42
1724311949, 66, 18.0, 17.29
1724311950, 66, 18.0, 17.29
1724311951, 66, 17.0, 17.29
1724311952, 66, 17.0, 17.29
1724311953, 66, 17.0, 17.29
1724311954, 66, 17.0, 17.29
1724311955, 66, 17.0, 17.2
1724311956, 66, 16.0, 17.2
1724311957, 66, 16.0, 17.2
1724311958, 66, 16.0, 17.24
1724311959, 66, 16.0, 17.24
1724311960, 67, 16.0, 17.24
1724311961, 67, 14.0, 17.24
1724311962, 67, 14.0, 17.24
1724311963, 68, 14.0, 17.15
1724311964, 68, 14.0, 17.15
1724311965, 68, 14.0, 17.15
1724311966, 68, 13.0, 17.15
1724311967, 68, 13.0, 17.15
1724311968, 68, 13.0, 17.03
1724311969, 68, 13.0, 17.03
1724311970, 68, 13.0, 17.2
1724311971, 68, 15.0, 17.2
1724311972, 68, 15.0, 17.2
1724311973, 67, 15.0, 17.26
1724311974, 67, 15.0, 17.26
1724311975, 67, 15.0, 17.26
1724311976, 67, 16.0, 17.26
1724311977, 66, 16.0, 17.22
1724311978, 66, 16.0, 17.22
1724311979, 66, 16.0, 17.22
1724311980, 66, 16.0, 17.31
1724311981, 67, 16.0, 17.31
1724311982, 67, 16.0, 17.31
1724311983, 67, 16.0, 17.31
1724311984, 67, 16.0, 17.23
1724311985, 67, 16.0, 17.23
1724311986, 67, 17.0, 17.23
1724311987, 67, 17.0, 17.54
1724311988, 67, 17.0, 17.54
1724311989, 67, 17.0, 17.54
1724311990, 67, 17.0, 17.57
1724311991, 67, 17.0, 17.57
1724311992, 67, 17.0, 17.57
1724311993, 68, 17.0, 17.57
1724311994, 68, 17.0, 17.57
1724311995, 68, 17.0, 17.39
1724311996, 68, 18.0, 17.69
1724311997, 68, 18.0, 17.69
1724311998, 68, 18.0, 17.69
1724311999, 68, 18.0, 17.91
1724312000, 68, 18.0, 17.91
1724312001, 67, 18.0, 18.17
1724312002, 67, 18.0, 18.17
1724312003, 67, 18.0, 18.17
1724312004, 67, 18.0, 18.17
1724312005, 67, 18.0, 18.12
1724312006, 67, 18.0, 18.12
1724312007, 67, 18.0, 18.12
1724312008, 68, 18.0, 18.12
1724312009, 68, 18.0, 18.26
1724312010, 68, 18.0, 18.44
1724312011, 68, 18.0, 18.44
1724312012, 68, 18.0, 18.44
1724312013, 68, 18.0, 18.44
1724312014, 68, 18.0, 18.39
1724312015, 68, 18.0, 18.39
1724312016, 68, 19.0, 18.61
1724312017, 68, 19.0, 18.61
1724312018, 68, 19.0, 18.61
1724312019, 68, 19.0, 18.61
1724312020, 68, 19.0, 18.61
1724312021, 67, 20.0, 18.61
1724312022, 67, 20.0, 18.61
1724312023, 68, 20.0, 18.5
1724312024, 68, 20.0, 18.5
1724312025, 69, 20.0, 18.5
1724312026, 69, 20.0, 18.5
1724312027, 68, 20.0, 18.5
1724312028, 68, 20.0, 18.5
1724312029, 68, 20.0, 18.5
1724312030, 67, 20.0, 18.5
1724312031, 67, 20.0, 18.5
1724312032, 66, 20.0, 18.5
1724312033, 66, 20.0, 18.5
1724312034, 66, 20.0, 18.4
1724312035, 66, 20.0, 18.4
1724312036, 66, 20.0, 18.37
1724312037, 66, 20.0, 18.37
1724312038, 66, 20.0, 18.37
1724312039, 66, 20.0, 18.37
1724312040, 66, 20.0, 18.37
1724312041, 66, 21.0, 18.28
1724312042, 66, 21.0, 18.28
1724312043, 66, 21.0, 18.28
1724312044, 66, 21.0, 18.28
1724312045, 66, 21.0, 18.31
1724312046, 66, 19.0, 18.31
1724312047, 66, 19.0, 18.42
1724312048, 66, 19.0, 18.42
1724312049, 67, 19.0, 18.42
1724312050, 67, 19.0, 18.42
1724312051, 67, 19.0, 18.42
1724312052, 67, 19.0, 18.42
1724312053, 67, 19.0, 18.42
1724312054, 68, 19.0, 18.42
1724312055, 68, 19.0, 18.42
1724312056, 68, 18.0, 18.42
1724312057, 68, 18.0, 18.3
1724312058, 68, 18.0, 18.32
1724312059, 68, 18.0, 18.32
1724312060, 68, 18.0, 18.32
1724312061, 68, 18.0, 18.32
1724312062, 68, 18.0, 18.32
1724312063, 68, 18.0, 18.32
1724312064, 68, 18.0, 18.23
1724312065, 68, 18.0, 18.23
1724312066, 67, 17.0, 18.23
1724312067, 67, 17.0, 18.23
1724312068, 67, 17.0, 18.23
1724312069, 66, 17.0, 18.23
1724312070, 66, 17.0, 18.23
1724312071, 66, 16.0, 18.17
1724312072, 66, 16.0, 18.17
1724312073, 66, 16.0, 18.17
1724312074, 66, 16.0, 17.94
1724312075, 66, 16.0, 17.94
1724312076, 66, 17.0, 17.94
1724312077, 66, 17.0, 18.09
1724312078, 66, 17.0, 18.09
1724312079, 66, 17.0, 18.09
1724312080, 66, 17.0, 18.09
1724312081, 66, 16.0, 18.09
1724312082, 66, 16.0, 18.1
1724312083, 66, 16.0, 18.1
1724312084, 66, 16.0, 18.1
1724312085, 66, 16.0, 17.95
1724312086, 66, 16.0, 17.95
1724312087, 66, 16.0, 17.95
1724312088, 66, 16.0, 17.95
1724312089, 66, 16.0, 17.92
1724312090, 66, 16.0, 17.92
1724312091, 66, 16.0, 18.09
1724312092, 66, 16.0, 18.09
1724312093, 66, 16.0, 18.09
1724312094, 66, 16.0, 18.09
1724312095, 66, 16.0, 17.94
1724312096, 66, 16.0, 17.94
1724312097, 66, 16.0, 18.11
1724312098, 66, 16.0, 18.11
1724312099, 66, 16.0, 18.11
1724312100, 66, 16.0, 18.11
1724312101, 66, 16.0, 18.08
1724312102, 66, 16.0, 18.08
1724312103, 66, 16.0, 18.08
1724312104, 67, 16.0, 18.08
1724312105, 66, 16.0, 18.08
1724312106, 66, 15.0, 18.08
1724312107, 66, 15.0, 18.08
1724312108, 66, 15.0, 18.08
1724312109, 66, 15.0, 18.08
1724312110, 66, 15.0, 18.08
1724312111, 65, 15.0, 17.91
1724312112, 65, 15.0, 17.91
1724312113, 65, 15.0, 17.91
1724312114, 65, 15.0, 17.94
1724312115, 66, 15.0, 17.94
1724312116, 66, 14.0, 17.94
1724312117, 66, 14.0, 17.94
1724312118, 66, 14.0, 17.94
1724312119, 66, 14.0, 17.85
1724312120, 66, 14.0, 17.85
1724312121, 66, 13.0, 17.85
1724312122, 66, 13.0, 17.85
1724312123, 66, 13.0, 17.85
1724312124, 66, 13.0, 17.85
1724312125, 66, 13.0, 17.85
1724312126, 67, 13.0, 17.85
1724312127, 67, 13.0, 17.85
1724312128, 69, 13.0, 17.61
1724312129, 70, 13.0, 17.61
1724312130, 69, 13.0, 17.61
1724312131, 69, 13.0, 17.61
1724312132, 68, 13.0, 17.61
1724312133, 67, 13.0, 17.61
1724312134, 66, 13.0, 17.64
1724312135, 66, 13.0, 17.53
1724312136, 66, 12.0, 17.53
1724312137, 66, 12.0, 17.53
1724312138, 66, 12.0, 17.74
1724312139, 67, 12.0, 17.74
1724312140, 67, 12.0, 17.74
1724312141, 67, 12.0, 17.74
1724312142, 67, 12.0, 17.74
1724312143, 67, 12.0, 17.74
1724312144, 67, 12.0, 17.54
1724312145, 67, 12.0, 17.54
1724312146, 67, 12.0, 17.71
1724312147, 67, 12.0, 17.71
1724312148, 67, 12.0, 17.71
1724312149, 67, 12.0, 17.85
1724312150, 67, 12.0, 17.85
1724312151, 68, 11.0, 17.85
1724312152, 68, 11.0, 17.81
1724312153, 67, 11.0, 17.81
1724312154, 65, 11.0, 17.81
1724312155, 61, 11.0, 17.81
1724312156, 59, 11.0, 17.77
1724312157, 55, 11.0, 17.77
1724312158, 54, 11.0, 17.77
1724312159, 53, 11.0, 18.11
1724312160, 53, 11.0, 18.11
1724312161, 56, 10.0, 18.11
1724312162, 57, 10.0, 17.95
1724312163, 60, 10.0, 17.95
1724312164, 63, 10.0, 17.95
1724312165, 68, 10.0, 18.21
1724312166, 69, 8.0, 18.21
1724312167, 69, 8.0, 18.46
1724312168, 69, 8.0, 18.46
1724312169, 69, 8.0, 18.46
1724312170, 69, 8.0, 18.51
1724312171, 69, NaN, 18.51
1724312172, 68, NaN, 18.51
1724312173, 68, NaN, 18.51
1724312174, 68, NaN, 18.64
1724312175, 65, NaN, 18.64
1724312176, 65, NaN, 18.64
1724312177, 66, NaN, 18.64
1724312178, 67, NaN, 18.64
1724312179, 68, NaN, 18.5
1724312180, 68, NaN, 18.5
1724312181, 68, 9.0, 18.64
1724312182, 68, 9.0, 18.64
1724312183, 68, 9.0, 18.64
1724312184, 68, 9.0, 18.64
1724312185, 68, 9.0, 18.68
1724312186, 68, 9.0, 18.68
1724312187, 68, 9.0, 18.68
1724312188, 68, 9.0, 18.68
1724312189, 68, 9.0, 18.68
1724312190, 67, 9.0, 18.68
1724312191, 67, 14.0, 18.68
1724312192, 67, 14.0, 18.68
1724312193, 67, 14.0, 18.68
1724312194, 67, 14.0, 18.56
1724312195, 67, 14.0, 18.56
1724312196, 66, 19.0, 18.56
1724312197, 66, 19.0, 18.56
1724312198, 66, 19.0, 18.56
1724312199, 66, 19.0, 18.56
1724312200, 66, 19.0, 18.56
1724312201, 66, 18.0, 18.45
1724312202, 66, 18.0, 18.45
1724312203, 66, 18.0, 18.49
1724312204, 66, 18.0, 18.49
1724312205, 66, 18.0, 18.49
1724312206, 66, 18.0, 18.49
1724312207, 66, 18.0, 18.52
1724312208, 66, 18.0, 18.52
1724312209, 66, 18.0, 18.52
1724312210, 66, 18.0, 18.52
1724312211, 66, 17.0, 18.52
1724312212, 66, 17.0, 18.52
1724312213, 66, 17.0, 18.52
1724312214, 66, 17.0, 18.52
1724312215, 66, 17.0, 18.52
1724312216, 66, 15.0, 18.37
1724312217, 66, 15.0, 18.37
1724312218, 66, 15.0, 18.37
1724312219, 66, 15.0, 18.37
1724312220, 66, 15.0, 18.37
1724312221, 66, 13.0, 18.37
1724312222, 66, 13.0, 18.21
1724312223, 66, 13.0, 18.21
1724312224, 66, 13.0, 18.21
1724312225, 66, 13.0, 18.21
1724312226, 66, 13.0, 18.21
1724312227, 66, 13.0, 18.21
1724312228, 66, 13.0, 18.21
1724312229, 66, 13.0, 18.21
1724312230, 66, 13.0, 18.21
1724312231, 66, 13.0, 18.21
1724312232, 66, 13.0, 18.21
1724312233, 66, 13.0, 18.21
1724312234, 66, 13.0, 18.21
1724312235, 66, 13.0, 18.02
1724312236, 66, 12.0, 18.02
1724312237, 66, 12.0, 18.02
1724312238, 65, 12.0, 18.02
1724312239, 66, 12.0, 18.02
1724312240, 66, 12.0, 18.02
1724312241, 66, 11.0, 18.02
1724312242, 66, 11.0, 18.02
1724312243, 65, 11.0, 17.71
1724312244, 65, 11.0, 17.71
1724312245, 65, 11.0, 17.81
1724312246, 65, 12.0, 17.81
1724312247, 65, 12.0, 17.81
1724312248, 65, 12.0, 17.81
1724312249, 65, 12.0, 17.81
1724312250, 65, 12.0, 17.81
1724312251, 65, 12.0, 17.61
1724312252, 65, 12.0, 17.61
1724312253, 65, 12.0, 17.61
1724312254, 65, 12.0, 17.61
1724312255, 65, 12.0, 17.61
1724312256, 66, 12.0, 17.61
1724312257, 65, 12.0, 17.61
1724312258, 65, 12.0, 17.61
1724312259, 65, 12.0, 17.47
1724312260, 65, 12.0, 17.45
1724312261, 66, 11.0, 17.45
1724312262, 66, 11.0, 17.45
1724312263, 66, 11.0, 17.55
1724312264, 66, 11.0, 17.55
1724312265, 66, 11.0, 17.55
1724312266, 66, 11.0, 17.55
1724312267, 67, 11.0, 17.55
1724312268, 67, 11.0, 17.33
1724312269, 67, 11.0, 17.33
1724312270, 68, 11.0, 17.33
1724312271, 68, 12.0, 17.33
1724312272, 68, 12.0, 17.33
1724312273, 68, 12.0, 17.33
1724312274, 68, 12.0, 17.33
1724312275, 68, 12.0, 16.95
1724312276, 68, 12.0, 16.95
1724312277, 68, 12.0, 16.93
1724312278, 68, 12.0, 16.93
1724312279, 68, 12.0, 16.93
1724312280, 68, 12.0, 16.93
1724312281, 68, 13.0, 16.93
1724312282, 68, 13.0, 16.7
1724312283, 68, 13.0, 16.7
1724312284, 69, 13.0, 16.7
1724312285, 69, 13.0, 16.7
1724312286, 68, 13.0, 16.7
1724312287, 68, 13.0, 16.7
1724312288, 68, 13.0, 16.84
1724312289, 67, 13.0, 16.84
1724312290, 66, 13.0, 16.84
1724312291, 66, 13.0, 16.84
1724312292, 66, 13.0, 16.84
1724312293, 65, 13.0, 16.84
1724312294, 64, 13.0, 16.84
1724312295, 65, 13.0, 16.84
1724312296, 65, 11.0, 16.44
1724312297, 65, 11.0, 16.44
1724312298, 65, 11.0, 16.44
1724312299, 65, 11.0, 16.28
1724312300, 65, 11.0, 16.28
1724312301, 65, 10.0, 16.28
1724312302, 65, 10.0, 16.33
1724312303, 65, 10.0, 16.33
1724312304, 65, 10.0, 16.33
1724312305, 65, 10.0, 16.38
1724312306, 66, 9.0, 16.38
1724312307, 66, 9.0, 16.38
1724312308, 66, 9.0, 16.53
1724312309, 66, 9.0, 16.53
1724312310, 65, 9.0, 16.53
1724312311, 65, 7.0, 16.53
1724312312, 65, 7.0, 16.84
1724312313, 66, 7.0, 17.44
1724312314, 66, 7.0, 17.44
1724312315, 66, 7.0, 17.44
1724312316, 66, 7.0, 18.16
1724312317, 66, 7.0, 18.16
1724312318, 65, 7.0, 18.16
1724312319, 65, 7.0, 18.47
1724312320, 65, 7.0, 18.47
1724312321, 64, 5.0, 18.47
1724312322, 64, 5.0, 18.47
1724312323, 65, 5.0, 18.47
1724312324, 64, 5.0, 18.32
1724312325, 64, 5.0, 18.32
1724312326, 64, 6.0, 18.32
1724312327, 64, 6.0, 18.32
1724312328, 64, 6.0, 18.32
1724312329, 64, 6.0, 18.32
1724312330, 65, 6.0, 18.32
1724312331, 66, 7.0, 18.32
1724312332, 66, 7.0, 18.32
1724312333, 65, 7.0, 18.32
1724312334, 66, 7.0, 18.16
1724312335, 67, 7.0, 18.16
1724312336, 67, 7.0, 18.24
1724312337, 67, 7.0, 18.24
1724312338, 67, 7.0, 18.24
1724312339, 67, 7.0, 18.24
1724312340, 67, 7.0, 18.25
1724312341, 67, 8.0, 18.25
1724312342, 68, 8.0, 18.37
1724312343, 68, 8.0, 18.37
1724312344, 68, 8.0, 18.45
1724312345, 68, 8.0, 18.45
1724312346, 68, 9.0, 18.45
1724312347, 68, 9.0, 18.45
1724312348, 68, 9.0, 18.32
1724312349, 68, 9.0, 18.32
1724312350, 68, 9.0, 18.32
1724312351, 68, 10.0, 18.4
1724312352, 68, 10.0, 18.4
1724312353, 68, 10.0, 18.4
1724312354, 68, 10.0, 18.52
1724312355, 68, 10.0, 18.52
1724312356, 68, 12.0, 18.52
1724312357, 68, 12.0, 18.52
1724312358, 68, 12.0, 18.38
1724312359, 67, 12.0, 18.38
1724312360, 67, 12.0, 18.38
1724312361, 66, 13.0, 18.38
1724312362, 66, 13.0, 18.38
1724312363, 66, 13.0, 18.38
1724312364, 67, 13.0, 18.38
1724312365, 67, 13.0, 18.38
1724312366, 68, 14.0, 18.38
1724312367, 68, 14.0, 18.38
1724312368, 67, 14.0, 18.38
1724312369, 67, 14.0, 18.38
1724312370, 66, 14.0, 18.38
1724312371, 66, 15.0, 18.17
1724312372, 67, 15.0, 18.17
1724312373, 67, 15.0, 18.17
1724312374, 67, 15.0, 18.26
1724312375, 67, 15.0, 18.26
1724312376, 67, 16.0, 18.26
1724312377, 67, 16.0, 18.23
1724312378, 66, 16.0, 18.23
1724312379, 66, 16.0, 18.23
1724312380, 66, 16.0, 18.23
1724312381, 67, 16.0, 18.23
1724312382, 67, 16.0, 18.23
1724312383, 67, 16.0, 18.23
1724312384, 67, 16.0, 18.23
1724312385, 66, 16.0, 18.15
1724312386, 66, 15.0, 18.19
1724312387, 66, 15.0, 18.19
1724312388, 66, 15.0, 18.27
1724312389, 66, 15.0, 18.27
1724312390, 66, 15.0, 18.27
1724312391, 66, 13.0, 18.27
1724312392, 66, 13.0, 18.27
1724312393, 66, 13.0, 18.27
1724312394, 66, 13.0, 18.27
1724312395, 66, 13.0, 18.27
1724312396, 66, 13.0, 18.27
1724312397, 66, 13.0, 18.27
1724312398, 66, 13.0, 18.14
1724312399, 66, 13.0, 18.14
1724312400, 66, 13.0, 18.14
1724312401, 66, 11.0, 18.14
1724312402, 66, 11.0, 18.14
1724312403, 66, 11.0, 18.14
1724312404, 66, 11.0, 18.14
1724312405, 66, 11.0, 18.14
1724312406, 65, 10.0, 18.01
1724312407, 65, 10.0, 18.01
1724312408, 65, 10.0, 18.01
1724312409, 65, 10.0, 18.01
1724312410, 65, 10.0, 17.98
1724312411, 65, 9.0, 17.98
1724312412, 66, 9.0, 17.98
1724312413, 66, 9.0, 17.96
1724312414, 66, 9.0, 17.96
1724312415, 66, 9.0, 17.96
1724312416, 66, 10.0, 18.04
1724312417, 66, 10.0, 18.04
1724312418, 66, 10.0, 18.04
1724312419, 66, 10.0, 18.04
1724312420, 66, 10.0, 18.04
1724312421, 66, 10.0, 17.89
1724312422, 66, 10.0, 17.89
1724312423, 66, 10.0, 17.89
1724312424, 66, 10.0, 17.74
1724312425, 66, 10.0, 17.74
1724312426, 66, 11.0, 17.74
1724312427, 66, 11.0, 17.74
1724312428, 66, 11.0, 17.74
1724312429, 66, 11.0, 17.74
1724312430, 66, 11.0, 17.74
1724312431, 66, 11.0, 17.44
1724312432, 66, 11.0, 17.44
1724312433, 66, 11.0, 17.44
1724312434, 66, 11.0, 17.44
1724312435, 66, 11.0, 17.44
1724312436, 66, 12.0, 17.44
1724312437, 66, 12.0, 17.44
1724312438, 66, 12.0, 17.17
1724312439, 66, 12.0, 17.17
1724312440, 66, 12.0, 17.17
1724312441, 67, 13.0, 17.17
1724312442, 67, 13.0, 16.24
1724312443, 68, 13.0, 16.24
1724312444, 69, 13.0, 16.24
1724312445, 69, 13.0, 16.24
1724312446, 69, 13.0, 16.24
1724312447, 70, 13.0, 16.24
1724312448, 70, 13.0, 16.24
1724312449, 70, 13.0, 16.24
1724312450, 70, 13.0, 15.66
1724312451, 70, 12.0, 15.66
1724312452, 70, 12.0, 15.66
1724312453, 70, 12.0, 15.66
1724312454, 69, 12.0, 14.7
1724312455, 69, 12.0, 14.7
1724312456, 69, 12.0, 14.7
1724312457, 68, 12.0, 14.7
1724312458, 67, 12.0, 14.72
1724312459, 67, 12.0, 14.72
1724312460, 67, 12.0, 14.72
1724312461, 67, NaN, 14.72
1724312462, 67, NaN, 14.62
1724312463, 67, NaN, 14.62
1724312464, 67, NaN, 14.62
1724312465, 68, NaN, 14.81
1724312466, 68, 14.0, 14.81
1724312467, 68, 14.0, 14.81
1724312468, 68, 14.0, 14.92
1724312469, 68, 14.0, 14.92
1724312470, 67, 14.0, 14.92
1724312471, 67, 15.0, 15.14
1724312472, 68, 15.0, 15.14
1724312473, 68, 15.0, 15.14
1724312474, 68, 15.0, 15.43
1724312475, 68, 15.0, 15.43
1724312476, 68, 16.0, 15.43
1724312477, 68, 16.0, 16.4
1724312478, 68, 16.0, 16.4
1724312479, 68, 16.0, 16.4
1724312480, 67, 16.0, 17.3
1724312481, 67, 15.0, 17.3
1724312482, 67, 15.0, 17.3
1724312483, 67, 15.0, 17.3
1724312484, 68, 15.0, 17.3
1724312485, 68, 15.0, 17.3
1724312486, 68, 15.0, 17.3
1724312487, 68, 15.0, 17.18
1724312488, 68, 15.0, 17.18
1724312489, 68, 15.0, 17.18
1724312490, 68, 15.0, 17.18
1724312491, 67, 14.0, 17.18
1724312492, 67, 14.0, 17.14
1724312493, 66, 14.0, 17.14
1724312494, 66, 14.0, 17.14
1724312495, 66, 14.0, 17.14
1724312496, 66, 13.0, 17.14
1724312497, 66, 13.0, 17.05
1724312498, 67, 13.0, 17.05
1724312499, 67, 13.0, 17.05
1724312500, 68, 13.0, 17.05
1724312501, 68, 12.0, 17.05
1724312502, 68, 12.0, 17.05
1724312503, 68, 12.0, 17.05
1724312504, 67, 12.0, 17.05
1724312505, 67, 12.0, 17.05
1724312506, 68, 12.0, 16.9
1724312507, 68, 12.0, 16.9
1724312508, 68, 12.0, 16.9
1724312509, 69, 12.0, 16.92
1724312510, 70, 12.0, 16.92
1724312511, 70, 14.0, 16.92
1724312512, 70, 14.0, 16.92
1724312513, 69, 14.0, 16.91
1724312514, 69, 14.0, 16.91
1724312515, 69, 14.0, 17.0
1724312516, 69, NaN, 17.0
1724312517, 69, NaN, 17.0
1724312518, 69, NaN, 17.01
1724312519, 69, NaN, 17.01
1724312520, 69, NaN, 17.01
1724312521, 69, NaN, 17.13
1724312522, 69, NaN, 17.13
1724312523, 69, NaN, 17.34
1724312524, 70, NaN, 17.34
1724312525, 70, NaN, 17.34
1724312526, 69, NaN, 17.34
1724312527, 69, NaN, 17.34
1724312528, 69, NaN, 17.34
1724312529, 69, NaN, 17.34
1724312530, 68, NaN, 17.26
1724312531, 68, 20.0, 17.26
1724312532, 68, 20.0, 17.33
1724312533, 68, 20.0, 17.33
1724312534, 68, 20.0, 17.33
1724312535, 68, 20.0, 17.35
1724312536, 68, 21.0, 17.35
1724312537, 67, 21.0, 17.49
1724312538, 67, 21.0, 17.49
1724312539, 66, 21.0, 17.62
1724312540, 66, 21.0, 17.62
1724312541, 66, 22.0, 17.62
1724312542, 66, 22.0, 17.62
1724312543, 66, 22.0, 17.62
1724312544, 66, 22.0, 17.53
1724312545, 66, 22.0, 17.53
1724312546, 66, 20.0, 17.53
1724312547, 66, 20.0, 17.53
1724312548, 66, 20.0, 17.53
1724312549, 66, 20.0, 17.47
1724312550, 66, 20.0, 17.47
1724312551, 66, 19.0, 17.47
1724312552, 66, 19.0, 17.54
1724312553, 66, 19.0, 17.54
1724312554, 66, 19.0, 17.54
1724312555, 66, 19.0, 17.54
1724312556, 66, 18.0, 17.54
1724312557, 66, 18.0, 17.54
1724312558, 66, 18.0, 17.54
1724312559, 67, 18.0, 17.54
1724312560, 67, 18.0, 17.54
1724312561, 67, 17.0, 17.44
1724312562, 68, 17.0, 17.44
1724312563, 68, 17.0, 17.44
1724312564, 69, 17.0, 17.35
1724312565, 70, 17.0, 17.35
1724312566, 70, 17.0, 17.35
1724312567, 70, 17.0, 17.35
1724312568, 70, 17.0, 17.35
1724312569, 70, 17.0, 17.34
1724312570, 70, 17.0, 17.34
1724312571, 70, 16.0, 17.34
1724312572, 70, 16.0, 17.3
1724312573, 71, 16.0, 17.3
1724312574, 71, 16.0, 17.3
1724312575, 71, 16.0, 17.32
1724312576, 71, NaN, 17.32
1724312577, 71, NaN, 17.32
1724312578, 71, NaN, 17.57
1724312579, 71, NaN, 17.57
1724312580, 70, NaN, 17.57
1724312581, 68, NaN, 17.84
1724312582, 67, NaN, 17.84
1724312583, 67, NaN, 17.84
1724312584, 66, NaN, 17.98
1724312585, 66, NaN, 17.98
1724312586, 66, NaN, 17.98
1724312587, 66, NaN, 17.98
1724312588, 65, NaN, 17.73
1724312589, 65, NaN, 17.73
1724312590, 65, NaN, 17.73
1724312591, 66, 16.0, 17.87
1724312592, 67, 16.0, 17.87
1724312593, 68, 16.0, 17.87
1724312594, 68, 16.0, 17.87
1724312595, 68, 16.0, 17.91
1724312596, 68, 12.0, 17.91
1724312597, 67, 12.0, 17.91
1724312598, 67, 12.0, 17.91
1724312599, 67, 12.0, 17.58
1724312600, 67, 12.0, 17.58
1724312601, 67, 8.0, 17.58
1724312602, 67, 8.0, 17.58
1724312603, 67, 8.0, 17.58
1724312604, 67, 8.0, 17.31
1724312605, 67, 8.0, 17.31
1724312606, 67, 7.0, 17.31
1724312607, 67, 7.0, 17.31
1724312608, 68, 7.0, 17.31
1724312609, 68, 7.0, 17.32
1724312610, 68, 7.0, 17.32
1724312611, 68, 7.0, 17.32
1724312612, 68, 7.0, 17.09
1724312613, 68, 7.0, 17.09
1724312614, 68, 7.0, 17.09
1724312615, 68, 7.0, 17.09
1724312616, 68, 8.0, 17.09
1724312617, 68, 8.0, 17.09
1724312618, 68, 8.0, 16.73
1724312619, 68, 8.0, 16.73
1724312620, 67, 8.0, 16.73
1724312621, 68, 8.0, 16.73
1724312622, 68, 8.0, 16.73
1724312623, 68, 8.0, 16.42
1724312624, 68, 8.0, 16.42
1724312625, 68, 8.0, 16.42
1724312626, 69, 9.0, 16.52
1724312627, 69, 9.0, 16.52
1724312628, 69, 9.0, 16.52
1724312629, 69, 9.0, 16.52
1724312630, 69, 9.0, 16.52
1724312631, 68, 11.0, 16.52
1724312632, 68, 11.0, 16.33
1724312633, 68, 11.0, 16.33
1724312634, 68, 11.0, 16.33
1724312635, 68, 11.0, 16.42
1724312636, 68, 14.0, 16.42
1724312637, 68, 14.0, 16.42
1724312638, 68, 14.0, 16.42
1724312639, 67, 14.0, 16.42
1724312640, 67, 14.0, 16.42
1724312641, 66, 15.0, 16.42
1724312642, 66, 15.0, 16.33
1724312643, 65, 15.0, 16.33
1724312644, 65, 15.0, 16.33
1724312645, 65, 15.0, 16.33
1724312646, 66, 16.0, 16.33
1724312647, 66, 16.0, 16.33
1724312648, 66, 16.0, 16.33
1724312649, 66, 16.0, 16.33
1724312650, 66, 16.0, 16.33
1724312651, 66, 16.0, 16.33
1724312652, 66, 16.0, 16.33
1724312653, 66, 16.0, 16.23
1724312654, 66, 16.0, 16.23
1724312655, 65, 16.0, 16.23
1724312656, 65, 16.0, 16.23
1724312657, 65, 16.0, 16.23
1724312658, 65, 16.0, 16.23
1724312659, 65, 16.0, 16.23
1724312660, 65, 16.0, 16.23
1724312661, 65, 15.0, 16.23
1724312662, 65, 15.0, 16.16
1724312663, 65, 15.0, 16.16
1724312664, 65, 15.0, 16.16
1724312665, 65, 15.0, 16.16
1724312666, 65, 14.0, 16.22
1724312667, 65, 14.0, 16.22
1724312668, 65, 14.0, 16.22
1724312669, 65, 14.0, 16.22
1724312670, 65, 14.0, 16.23
1724312671, 65, 12.0, 16.23
1724312672, 65, 12.0, 16.23
1724312673, 65, 12.0, 16.23
1724312674, 65, 12.0, 16.23
1724312675, 65, 12.0, 16.23
1724312676, 66, 12.0, 16.23
1724312677, 66, 12.0, 15.95
1724312678, 66, 12.0, 15.95
1724312679, 67, 12.0, 15.95
1724312680, 67, 12.0, 15.95
1724312681, 67, 11.0, 15.95
1724312682, 67, 11.0, 15.95
1724312683, 66, 11.0, 15.77
1724312684, 65, 11.0, 15.77
1724312685, 63, 11.0, 15.77
1724312686, 61, 11.0, 15.77
1724312687, 60, 11.0, 15.81
1724312688, 60, 11.0, 15.81
1724312689, 60, 11.0, 15.81
1724312690, 60, 11.0, 15.81
1724312691, 60, 12.0, 15.69
1724312692, 60, 12.0, 15.69
1724312693, 60, 12.0, 15.82
1724312694, 60, 12.0, 15.82
1724312695, 60, 12.0, 15.82
1724312696, 60, 12.0, 15.97
1724312697, 60, 12.0, 15.97
1724312698, 61, 12.0, 15.97
1724312699, 61, 12.0, 15.97
1724312700, 61, 12.0, 15.97
1724312701, 63, 14.0, 15.91
1724312702, 64, 14.0, 15.91
1724312703, 65, 14.0, 15.91
1724312704, 65, 14.0, 16.01
1724312705, 65, 14.0, 16.01
1724312706, 65, 15.0, 16.01
1724312707, 65, 15.0, 16.07
1724312708, 65, 15.0, 16.07
1724312709, 66, 15.0, 16.07
1724312710, 66, 15.0, 16.28
1724312711, 67, 18.0, 16.28
1724312712, 67, 18.0, 16.28
1724312713, 68, 18.0, 16.54
1724312714, 69, 18.0, 16.54
1724312715, 69, 18.0, 16.54
1724312716, 69, 19.0, 16.54
1724312717, 70, 19.0, 17.81
1724312718, 69, 19.0, 18.45
1724312719, 69, 19.0, 18.45
1724312720, 70, 19.0, 18.45
1724312721, 70, 21.0, 18.45
1724312722, 70, 21.0, 18.31
1724312723, 71, 21.0, 18.31
1724312724, 72, 21.0, 18.31
1724312725, 72, 21.0, 18.31
1724312726, 73, 23.0, 18.31
1724312727, 72, 23.0, 18.62
1724312728, 72, 23.0, 18.62
1724312729, 71, 23.0, 18.62
1724312730, 71, 23.0, 18.51
1724312731, 71, 25.0, 18.51
1724312732, 70, 25.0, 18.51
1724312733, 69, 25.0, 18.51
1724312734, 69, 25.0, 18.41
1724312735, 68, 25.0, 18.41
1724312736, 68, 25.0, 18.41
1724312737, 67, 25.0, 18.41
1724312738, 67, 25.0, 18.32
1724312739, 67, 25.0, 18.32
1724312740, 67, 25.0, 18.32
1724312741, 68, 25.0, 18.4
1724312742, 68, 25.0, 18.4
1724312743, 68, 25.0, 18.44
1724312744, 67, 25.0, 18.44
1724312745, 67, 25.0, 18.44
1724312746, 67, 24.0, 18.44
1724312747, 67, 24.0, 18.44
1724312748, 67, 24.0, 18.44
1724312749, 66, 24.0, 18.44
1724312750, 67, 24.0, 18.44
1724312751, 67, 23.0, 18.44
1724312752, 67, 23.0, 18.44
1724312753, 66, 23.0, 18.44
1724312754, 66, 23.0, 18.31
1724312755, 66, 23.0, 18.31
1724312756, 66, 21.0, 18.31
1724312757, 66, 21.0, 18.29
1724312758, 66, 21.0, 18.29
1724312759, 66, 21.0, 18.29
1724312760, 66, 21.0, 18.29
1724312761, 66, 19.0, 18.26
1724312762, 66, 19.0, 18.26
1724312763, 66, 19.0, 18.26
1724312764, 66, 19.0, 18.26
1724312765, 66, 19.0, 18.23
1724312766, 66, 19.0, 18.23
1724312767, 66, 19.0, 18.3
1724312768, 66, 19.0, 18.3
1724312769, 66, 19.0, 18.3
1724312770, 66, 19.0, 18.3
1724312771, 66, 18.0, 18.29
1724312772, 66, 18.0, 18.29
1724312773, 66, 18.0, 18.29
1724312774, 66, 18.0, 18.29
1724312775, 66, 18.0, 18.29
1724312776, 67, 18.0, 18.29
1724312777, 66, 18.0, 18.29
1724312778, 66, 18.0, 18.29
1724312779, 66, 18.0, 18.29
1724312780, 66, 18.0, 18.05
1724312781, 66, 18.0, 18.05
1724312782, 66, 18.0, 18.05
1724312783, 66, 18.0, 18.05
1724312784, 66, 18.0, 18.05
1724312785, 66, 18.0, 18.05
1724312786, 67, 18.0, 17.87
1724312787, 67, 18.0, 17.87
1724312788, 67, 18.0, 17.87
1724312789, 67, 18.0, 17.87
1724312790, 66, 18.0, 17.87
1724312791, 66, 19.0, 17.88
1724312792, 66, 19.0, 17.95
1724312793, 66, 19.0, 17.95
1724312794, 66, 19.0, 17.95
1724312795, 66, 19.0, 17.94
1724312796, 66, 18.0, 17.94
1724312797, 65, 18.0, 17.94
1724312798, 65, 18.0, 17.94
1724312799, 65, 18.0, 17.94
1724312800, 65, 18.0, 17.95
1724312801, 66, 16.0, 18.38
1724312802, 66, 16.0, 18.38
1724312803, 67, 16.0, 18.38
1724312804, 67, 16.0, 18.55
1724312805, 68, 16.0, 18.55
1724312806, 68, 17.0, 18.83
1724312807, 68, 17.0, 18.83
1724312808, 67, 17.0, 18.83
1724312809, 67, 17.0, 18.83
1724312810, 67, 17.0, 18.83
1724312811, 67, 18.0, 19.01
1724312812, 67, 18.0, 19.01
1724312813, 67, 18.0, 19.01
1724312814, 68, 18.0, 18.9
1724312815, 68, 18.0, 18.9
1724312816, 70, 20.0, 18.9
1724312817, 70, 20.0, 18.9
1724312818, 70, 20.0, 18.9
1724312819, 69, 20.0, 18.84
1724312820, 69, 20.0, 18.84
1724312821, 68, 21.0, 18.84
1724312822, 67, 21.0, 18.84
1724312823, 67, 21.0, 18.82
1724312824, 66, 21.0, 18.82
1724312825, 67, 21.0, 18.82
1724312826, 67, 22.0, 18.73
1724312827, 67, 22.0, 18.73
1724312828, 67, 22.0, 18.73
1724312829, 67, 22.0, 18.73
1724312830, 67, 22.0, 18.73
1724312831, 66, 24.0, 18.19
1724312832, 68, 24.0, 18.19
1724312833, 68, 24.0, 18.19
1724312834, 68, 24.0, 18.19
1724312835, 68, 24.0, 17.63
1724312836, 68, 24.0, 17.63
1724312837, 67, 24.0, 17.63
1724312838, 67, 24.0, 17.63
1724312839, 66, 24.0, 17.63
1724312840, 66, 24.0, 17.7
1724312841, 66, 24.0, 17.7
1724312842, 65, 24.0, 17.7
1724312843, 65, 24.0, 17.7
1724312844, 64, 24.0, 17.7
1724312845, 64, 24.0, 17.7
1724312846, 64, 21.0, 17.7
1724312847, 63, 21.0, 17.7
1724312848, 63, 21.0, 17.45
1724312849, 63, 21.0, 17.45
1724312850, 63, 21.0, 17.45
1724312851, 63, 19.0, 17.38
1724312852, 63, 19.0, 17.38
1724312853, 63, 19.0, 17.38
1724312854, 64, 19.0, 17.38
1724312855, 64, 19.0, 17.38
1724312856, 64, 19.0, 17.25
1724312857, 64, 19.0, 17.25
1724312858, 64, 19.0, 17.25
1724312859, 64, 19.0, 17.25
1724312860, 64, 19.0, 17.25
1724312861, 65, 16.0, 17.25
1724312862, 65, 16.0, 17.25
1724312863, 65, 16.0, 17.25
1724312864, 65, 16.0, 17.25
1724312865, 65, 16.0, 17.25
1724312866, 65, 14.0, 17.02
1724312867, 65, 14.0, 17.02
1724312868, 65, 14.0, 17.02
1724312869, 65, 14.0, 17.02
1724312870, 65, 14.0, 16.56
1724312871, 65, 13.0, 16.56
1724312872, 64, 13.0, 16.56
1724312873, 64, 13.0, 16.56
1724312874, 64, 13.0, 16.56
1724312875, 64, 13.0, 16.56
1724312876, 64, 13.0, 16.56
1724312877, 64, 13.0, 16.4
1724312878, 64, 13.0, 16.25
1724312879, 64, 13.0, 16.25
1724312880, 64, 13.0, 16.25
1724312881, 64, 11.0, 16.33
1724312882, 64, 11.0, 16.33
1724312883, 65, 11.0, 16.33
1724312884, 65, 11.0, 16.48
1724312885, 65, 11.0, 16.48
1724312886, 65, 10.0, 16.48
1724312887, 65, 10.0, 16.48
1724312888, 65, 10.0, 16.7
1724312889, 65, 10.0, 16.7
1724312890, 65, 10.0, 16.71
1724312891, 65, 10.0, 16.71
1724312892, 65, 10.0, 16.71
1724312893, 65, 10.0, 16.85
1724312894, 65, 10.0, 16.85
1724312895, 65, 10.0, 16.85
1724312896, 65, 10.0, 16.98
1724312897, 66, 10.0, 16.98
1724312898, 66, 10.0, 16.98
1724312899, 66, 10.0, 16.98
1724312900, 66, 10.0, 16.98
1724312901, 66, 10.0, 16.9
1724312902, 66, 10.0, 16.9
1724312903, 67, 10.0, 16.9
1724312904, 67, 10.0, 16.9
1724312905, 67, 10.0, 16.9
1724312906, 68, 12.0, 16.9
1724312907, 68, 12.0, 16.9
1724312908, 68, 12.0, 16.9
1724312909, 68, 12.0, 16.66
1724312910, 68, 12.0, 16.66
1724312911, 68, 13.0, 16.66
1724312912, 68, 13.0, 16.66
1724312913, 68, 13.0, 16.66
1724312914, 68, 13.0, 16.49
1724312915, 68, 13.0, 16.49
1724312916, 67, 15.0, 16.49
1724312917, 67, 15.0, 16.59
1724312918, 67, 15.0, 16.59
1724312919, 67, 15.0, 16.59
1724312920, 67, 15.0, 16.59
1724312921, 66, 16.0, 16.59
1724312922, 66, 16.0, 16.59
1724312923, 66, 16.0, 16.59
1724312924, 65, 16.0, 16.5
1724312925, 65, 16.0, 16.5
1724312926, 65, 17.0, 16.5
1724312927, 65, 17.0, 16.5
1724312928, 65, 17.0, 16.5
1724312929, 65, 17.0, 16.5
1724312930, 65, 17.0, 16.39
1724312931, 65, 16.0, 16.39
1724312932, 66, 16.0, 16.39
1724312933, 65, 16.0, 16.47
1724312934, 65, 16.0, 16.47
1724312935, 65, 16.0, 16.47
1724312936, 64, 15.0, 16.5
1724312937, 64, 15.0, 16.5
1724312938, 64, 15.0, 16.5
1724312939, 65, 15.0, 16.5
1724312940, 65, 15.0, 16.5
1724312941, 65, 13.0, 16.5
1724312942, 66, 13.0, 16.5
1724312943, 67, 13.0, 16.5
1724312944, 67, 13.0, 16.5
1724312945, 67, 13.0, 16.5
1724312946, 67, 12.0, 16.5
1724312947, 66, 12.0, 16.5
1724312948, 66, 12.0, 16.36
1724312949, 66, 12.0, 16.42
1724312950, 66, 12.0, 16.42
1724312951, 66, 11.0, 16.42
1724312952, 66, 11.0, 16.42
1724312953, 66, 11.0, 16.42
1724312954, 66, 11.0, 16.42
1724312955, 66, 11.0, 16.42
1724312956, 66, 11.0, 16.42
1724312957, 66, 11.0, 16.42
1724312958, 66, 11.0, 16.42
1724312959, 67, 11.0, 16.32
1724312960, 67, 11.0, 16.32
1724312961, 67, 12.0, 16.3
1724312962, 68, 12.0, 16.3
1724312963, 68, 12.0, 16.38
1724312964, 67, 12.0, 16.38
1724312965, 67, 12.0, 16.38
1724312966, 67, 14.0, 16.38
1724312967, 67, 14.0, 16.38
1724312968, 67, 14.0, 16.38
1724312969, 67, 14.0, 16.36
1724312970, 67, 14.0, 16.36
1724312971, 67, 16.0, 16.49
1724312972, 67, 16.0, 16.49
1724312973, 67, 16.0, 16.51
1724312974, 66, 16.0, 16.51
1724312975, 66, 16.0, 16.51
1724312976, 66, 17.0, 16.51
1724312977, 67, 17.0, 16.87
1724312978, 68, 17.0, 16.87
1724312979, 68, 17.0, 16.87
1724312980, 68, 17.0, 16.87
1724312981, 67, 19.0, 16.66
1724312982, 67, 19.0, 16.66
1724312983, 67, 19.0, 16.66
1724312984, 67, 19.0, 16.9
1724312985, 67, 19.0, 16.9
1724312986, 67, 20.0, 16.9
1724312987, 67, 20.0, 16.9
1724312988, 68, 20.0, 16.9
1724312989, 68, 20.0, 16.77
1724312990, 68, 20.0, 16.77
1724312991, 68, 21.0, 16.77
1724312992, 68, 21.0, 16.91
1724312993, 68, 21.0, 16.91
1724312994, 67, 21.0, 16.91
1724312995, 66, 21.0, 16.91
1724312996, 66, 20.0, 16.93
1724312997, 66, 20.0, 16.93
1724312998, 66, 20.0, 16.93
1724312999, 67, 20.0, 16.93
1724313000, 67, 20.0, 16.93
1724313001, 68, 19.0, 16.93
1724313002, 68, 19.0, 16.93
1724313003, 69, 19.0, 16.93
1724313004, 69, 19.0, 16.79
1724313005, 69, 19.0, 16.79
1724313006, 69, 19.0, 16.79
1724313007, 68, 19.0, 16.83
1724313008, 68, 19.0, 16.83
1724313009, 68, 19.0, 16.97
1724313010, 68, 19.0, 16.97
1724313011, 68, 19.0, 16.97
1724313012, 68, 19.0, 16.95
1724313013, 68, 19.0, 16.95
1724313014, 68, 19.0, 16.95
1724313015, 68, 19.0, 16.95
1724313016, 68, 19.0, 16.95
1724313017, 65, 19.0, 16.95
1724313018, 63, 19.0, 16.94
1724313019, 63, 19.0, 16.94
1724313020, 63, 19.0, 16.94
1724313021, 64, 17.0, 17.16
1724313022, 64, 17.0, 17.16
1724313023, 63, 17.0, 17.16
1724313024, 63, 17.0, 17.16
1724313025, 63, 17.0, 17.16
1724313026, 63, 14.0, 17.16
1724313027, 63, 14.0, 17.16
1724313028, 63, 14.0, 17.16
1724313029, 63, 14.0, 17.16
1724313030, 63, 14.0, 17.0
1724313031, 63, 12.0, 17.0
1724313032, 63, 12.0, 17.0
1724313033, 63, 12.0, 17.12
1724313034, 63, 12.0, 17.12
1724313035, 63, 12.0, 17.12
1724313036, 63, 9.0, 17.12
1724313037, 63, 9.0, 17.12
1724313038, 63, 9.0, 17.12
1724313039, 63, 9.0, 17.12
1724313040, 64, 9.0, 17.12
1724313041, 65, 7.0, 17.12
1724313042, 65, 7.0, 17.0
1724313043, 66, 7.0, 17.0
1724313044, 66, 7.0, 17.0
1724313045, 66, 7.0, 17.0
1724313046, 66, 5.0, 17.0
1724313047, 66, 5.0, 16.9
1724313048, 65, 5.0, 16.9
1724313049, 65, 5.0, 16.9
1724313050, 65, 5.0, 16.9
1724313051, 65, 5.0, 16.9
1724313052, 65, 5.0, 16.9
1724313053, 65, 5.0, 16.81
1724313054, 65, 5.0, 16.81
1724313055, 65, 5.0, 16.81
1724313056, 65, 6.0, 16.81
1724313057, 65, 6.0, 16.81
1724313058, 65, 6.0, 16.81
1724313059, 65, 6.0, 16.67
1724313060, 65, 6.0, 16.67
1724313061, 65, 8.0, 16.67
1724313062, 65, 8.0, 16.67
1724313063, 64, 8.0, 16.67
1724313064, 64, 8.0, 16.67
1724313065, 64, 8.0, 14.2
1724313066, 64, 9.0, 14.2
1724313067, 64, 9.0, 14.2
1724313068, 64, 9.0, 14.2
1724313069, 65, 9.0, 14.2
1724313070, 66, 9.0, 13.85
1724313071, 66, 9.0, 13.85
1724313072, 65, 9.0, 13.85
1724313073, 65, 9.0, 13.85
1724313074, 65, 9.0, 13.85
1724313075, 65, 9.0, 13.73
1724313076, 65, 9.0, 13.73
1724313077, 65, 9.0, 13.73
1724313078, 65, 9.0, 13.73
1724313079, 65, 9.0, 13.73
1724313080, 64, 9.0, 13.73
1724313081, 64, 9.0, 13.73
1724313082, 63, 9.0, 13.73
1724313083, 63, 9.0, 13.73
1724313084, 63, 9.0, 13.73
1724313085, 63, 9.0, 13.21
1724313086, 63, 8.0, 13.21
1724313087, 63, 8.0, 13.21
1724313088, 63, 8.0, 13.21
1724313089, 63, 8.0, 13.21
1724313090, 63, 8.0, 12.91
1724313091, 64, 7.0, 12.91
1724313092, 64, 7.0, 12.91
1724313093, 64, 7.0, 12.91
1724313094, 64, 7.0, 12.91
1724313095, 64, 7.0, 12.95
1724313096, 64, 7.0, 12.95
1724313097, 64, 7.0, 12.95
1724313098, 64, 7.0, 12.95
1724313099, 64, 7.0, 13.09
1724313100, 64, 7.0, 13.09
1724313101, 64, 7.0, 13.09
1724313102, 64, 7.0, 13.09
1724313103, 64, 7.0, 13.09
1724313104, 64, 7.0, 13.09
1724313105, 65, 7.0, 13.09
1724313106, 65, 6.0, 13.09
1724313107, 65, 6.0, 13.09
1724313108, 65, 6.0, 12.96
1724313109, 65, 6.0, 12.96
1724313110, 65, 6.0, 12.96
1724313111, 65, 7.0, 12.96
1724313112, 65, 7.0, 12.96
1724313113, 65, 7.0, 12.96
1724313114, 66, 7.0, 12.98
1724313115, 66, 7.0, 12.98
1724313116, 67, 8.0, 13.04
1724313117, 68, 8.0, 13.04
1724313118, 70, 8.0, 13.04
1724313119, 72, 8.0, 13.04
1724313120, 72, 8.0, 13.12
1724313121, 73, NaN, 13.12
1724313122, 74, NaN, 13.12
1724313123, 74, NaN, 13.25
1724313124, 74, NaN, 13.25
1724313125, 73, NaN, 13.25
1724313126, 73, NaN, 13.25
1724313127, 71, NaN, 13.25
1724313128, 69, NaN, 13.25
1724313129, 67, NaN, 13.25
1724313130, 67, NaN, 13.25
1724313131, 67, 12.0, 13.25
1724313132, 68, 12.0, 13.25
1724313133, 68, 12.0, 13.25
1724313134, 68, 12.0, 13.05
1724313135, 68, 12.0, 13.05
1724313136, 67, 16.0, 13.05
1724313137, 67, 16.0, 13.05
1724313138, 66, 16.0, 12.98
1724313139, 66, 16.0, 12.98
1724313140, 66, 16.0, 12.98
1724313141, 66, 17.0, 12.98
1724313142, 66, 17.0, 12.98
1724313143, 66, 17.0, 12.98
1724313144, 67, 17.0, 12.98
1724313145, 67, 17.0, 12.89
1724313146, 67, 17.0, 12.89
1724313147, 66, 17.0, 12.89
1724313148, 66, 17.0, 13.01
1724313149, 67, 17.0, 13.01
1724313150, 67, 17.0, 13.01
1724313151, 67, 17.0, 13.01
1724313152, 67, 17.0, 13.01
1724313153, 67, 17.0, 13.01
1724313154, 68, 17.0, 12.91
1724313155, 71, 17.0, 12.91
1724313156, 76, 17.0, 12.91
1724313157, 78, 17.0, 12.91
1724313158, 79, 17.0, 12.99
1724313159, 79, 17.0, 12.99
1724313160, 79, 17.0, 12.99
1724313161, 77, 19.0, 12.99
1724313162, 75, 19.0, 12.99
1724313163, 73, 19.0, 12.96
1724313164, 72, 19.0, 12.96
1724313165, 71, 19.0, 12.96
1724313166, 70, 20.0, 12.96
1724313167, 69, 20.0, 12.96
1724313168, 68, 20.0, 12.96
1724313169, 68, 20.0, 12.96
1724313170, 68, 20.0, 12.96
1724313171, 68, 20.0, 12.96
1724313172, 68, 20.0, 12.96
1724313173, 68, 20.0, 12.96
1724313174, 68, 20.0, 12.96
1724313175, 68, 20.0, 12.96
1724313176, 68, 21.0, 12.96
1724313177, 68, 21.0, 12.96
1724313178, 68, 21.0, 12.55
1724313179, 68, 21.0, 12.55
1724313180, 69, 21.0, 12.55
1724313181, 69, 22.0, 12.73
1724313182, 68, 22.0, 12.73
1724313183, 68, 22.0, 12.73
1724313184, 68, 22.0, 12.88
1724313185, 68, 22.0, 12.88
1724313186, 68, 22.0, 12.88
1724313187, 68, 22.0, 13.01
1724313188, 68, 22.0, 13.01
1724313189, 68, 22.0, 13.01
1724313190, 68, 22.0, 13.16
1724313191, 68, 21.0, 13.16
1724313192, 68, 21.0, 14.39
1724313193, 68, 21.0, 14.39
1724313194, 68, 21.0, 14.39
1724313195, 67, 21.0, 14.39
1724313196, 67, 20.0, 15.01
1724313197, 67, 20.0, 15.01
1724313198, 67, 20.0, 15.01
1724313199, 67, 20.0, 15.01
1724313200, 67, 20.0, 15.01
1724313201, 67, 20.0, 14.94
1724313202, 67, 20.0, 14.94
1724313203, 66, 20.0, 14.94
1724313204, 66, 20.0, 14.94
1724313205, 66, 20.0, 14.94
1724313206, 66, 19.0, 14.93
1724313207, 66, 19.0, 14.93
1724313208, 67, 19.0, 14.93
1724313209, 68, 19.0, 14.95
1724313210, 70, 19.0, 14.95
1724313211, 69, 18.0, 14.95
1724313212, 69, 18.0, 14.95
1724313213, 69, 18.0, 14.93
1724313214, 69, 18.0, 14.93
1724313215, 69, 18.0, 14.93
1724313216, 69, 17.0, 14.93
1724313217, 68, 17.0, 15.11
1724313218, 68, 17.0, 15.11
1724313219, 68, 17.0, 15.11
1724313220, 68, 17.0, 15.11
1724313221, 68, 17.0, 15.11
1724313222, 68, 17.0, 15.11
1724313223, 69, 17.0, 15.11
1724313224, 69, 17.0, 15.11
1724313225, 69, 17.0, 15.11
1724313226, 69, 16.0, 15.11
1724313227, 69, 16.0, 15.11
1724313228, 69, 16.0, 15.11
1724313229, 71, 16.0, 15.11
1724313230, 72, 16.0, 14.82
1724313231, 73, NaN, 14.82
1724313232, 74, NaN, 14.82
1724313233, 74, NaN, 14.82
1724313234, 74, NaN, 14.82
1724313235, 72, NaN, 14.82
1724313236, 70, NaN, 14.82
1724313237, 70, NaN, 14.82
1724313238, 69, NaN, 14.82
1724313239, 69, NaN, 14.63
1724313240, 69, NaN, 14.63
1724313241, 69, NaN, 14.63
1724313242, 69, NaN, 14.72
1724313243, 69, NaN, 14.72
1724313244, 69, NaN, 14.72
1724313245, 69, NaN, 14.72
1724313246, 69, NaN, 14.72
1724313247, 70, NaN, 14.72
1724313248, 70, NaN, 14.66
1724313249, 70, NaN, 14.66
1724313250, 70, NaN, 14.75
1724313251, 69, NaN, 14.75
1724313252, 68, NaN, 14.75
1724313253, 67, NaN, 14.82
1724313254, 66, NaN, 14.82
1724313255, 66, NaN, 15.17
1724313256, 66, 20.0, 15.17
1724313257, 65, 20.0, 15.17
1724313258, 65, 20.0, 15.17
1724313259, 65, 20.0, 15.28
1724313260, 65, 20.0, 15.28
1724313261, 65, 15.0, 15.28
1724313262, 66, 15.0, 15.28
1724313263, 66, 15.0, 15.28
1724313264, 67, 15.0, 15.31
1724313265, 70, 15.0, 15.31
1724313266, 72, 15.0, 15.33
1724313267, 73, 15.0, 15.33
1724313268, 72, 15.0, 15.33
1724313269, 72, 15.0, 15.33
1724313270, 71, 15.0, 15.63
1724313271, 70, NaN, 15.63
1724313272, 70, NaN, 15.63
1724313273, 70, NaN, 15.63
1724313274, 69, NaN, 15.63
1724313275, 69, NaN, 15.63
1724313276, 69, NaN, 15.63
1724313277, 69, NaN, 15.63
1724313278, 69, NaN, 15.63
1724313279, 69, NaN, 15.39
1724313280, 69, NaN, 15.39
1724313281, 69, NaN, 15.39
1724313282, 68, NaN, 15.39
1724313283, 67, NaN, 15.39
1724313284, 67, NaN, 15.39
1724313285, 66, NaN, 15.39
1724313286, 65, 14.0, 15.39
1724313287, 64, 14.0, 15.39
1724313288, 64, 14.0, 15.39
1724313289, 63, 14.0, 15.2
1724313290, 63, 14.0, 15.2
1724313291, 63, 12.0, 15.2
1724313292, 63, 12.0, 15.27
1724313293, 62, 12.0, 15.27
1724313294, 62, 12.0, 15.27
1724313295, 62, 12.0, 15.27
1724313296, 62, 8.0, 15.27
1724313297, 62, 8.0, 15.22
1724313298, 62, 8.0, 15.22
1724313299, 62, 8.0, 15.22
1724313300, 63, 8.0, 15.22
1724313301, 63, 7.0, 15.22
1724313302, 64, 7.0, 15.19
1724313303, 65, 7.0, 15.19
1724313304, 66, 7.0, 15.19
1724313305, 68, 7.0, 15.19
1724313306, 69, 8.0, 15.19
1724313307, 69, 8.0, 15.02
1724313308, 69, 8.0, 15.02
1724313309, 70, 8.0, 15.02
1724313310, 69, 8.0, 15.02
1724313311, 68, NaN, 15.02
1724313312, 67, NaN, 15.09
1724313313, 67, NaN, 15.33
1724313314, 67, NaN, 15.33
1724313315, 67, NaN, 15.33
1724313316, 66, 8.0, 15.33
1724313317, 65, 8.0, 15.33
1724313318, 65, 8.0, 15.33
1724313319, 67, 8.0, 15.33
1724313320, 65, 8.0, 15.33
1724313321, 64, 10.0, 15.33
1724313322, 64, 10.0, 15.17
1724313323, 63, 10.0, 15.17
1724313324, 64, 10.0, 15.17
1724313325, 64, 10.0, 15.17
1724313326, 65, 12.0, 15.12
1724313327, 65, 12.0, 15.12
1724313328, 65, 12.0, 15.12
1724313329, 65, 12.0, 15.12
1724313330, 65, 12.0, 15.12
1724313331, 65, 13.0, 15.12
1724313332, 65, 13.0, 15.12
1724313333, 66, 13.0, 15.01
1724313334, 66, 13.0, 15.01
1724313335, 66, 13.0, 15.01
1724313336, 67, 13.0, 15.01
1724313337, 67, 13.0, 15.01
1724313338, 66, 13.0, 15.01
1724313339, 66, 13.0, 14.9
1724313340, 66, 13.0, 14.9
1724313341, 66, 13.0, 14.9
1724313342, 65, 13.0, 15.08
1724313343, 66, 13.0, 15.08
1724313344, 66, 13.0, 15.08
1724313345, 65, 13.0, 15.08
1724313346, 65, 13.0, 15.08
1724313347, 65, 13.0, 15.0
1724313348, 65, 13.0, 15.0
1724313349, 65, 13.0, 15.0
1724313350, 65, 13.0, 15.08
1724313351, 65, 12.0, 15.08
1724313352, 65, 12.0, 15.08
1724313353, 65, 12.0, 15.08
1724313354, 65, 12.0, 15.09
1724313355, 65, 12.0, 15.09
1724313356, 65, 12.0, 15.09
1724313357, 65, 12.0, 15.09
1724313358, 66, 12.0, 15.09
1724313359, 66, 12.0, 15.09
1724313360, 66, 12.0, 15.09
1724313361, 66, 14.0, 15.09
1724313362, 66, 14.0, 15.09
1724313363, 65, 14.0, 15.09
1724313364, 65, 14.0, 15.09
1724313365, 65, 14.0, 15.09
1724313366, 64, 14.0, 15.09
1724313367, 64, 14.0, 15.09
1724313368, 64, 14.0, 15.09
1724313369, 64, 14.0, 14.91
1724313370, 64, 14.0, 14.91
1724313371, 64, 13.0, 14.91
1724313372, 64, 13.0, 14.91
1724313373, 64, 13.0, 14.91
1724313374, 64, 13.0, 14.91
1724313375, 64, 13.0, 14.71
1724313376, 64, 12.0, 14.71
1724313377, 64, 12.0, 14.71
1724313378, 65, 12.0, 14.71
1724313379, 65, 12.0, 14.68
1724313380, 65, 12.0, 14.68
1724313381, 65, 11.0, 14.68
1724313382, 65, 11.0, 14.84
1724313383, 65, 11.0, 14.84
1724313384, 65, 11.0, 14.84
1724313385, 66, 11.0, 14.84
1724313386, 67, 11.0, 14.84
1724313387, 68, 11.0, 14.84
1724313388, 68, 11.0, 14.8
1724313389, 69, 11.0, 14.8
1724313390, 69, 11.0, 14.8
1724313391, 70, 9.0, 14.8
1724313392, 70, 9.0, 14.8
1724313393, 70, 9.0, 14.8
1724313394, 70, 9.0, 14.8
1724313395, 70, 9.0, 14.8
1724313396, 69, NaN, 14.8
1724313397, 69, NaN, 14.8
1724313398, 68, NaN, 14.57
1724313399, 68, NaN, 14.57
1724313400, 67, NaN, 14.57
1724313401, 65, NaN, 14.57
1724313402, 63, NaN, 14.57
1724313403, 62, NaN, 14.57
1724313404, 61, NaN, 14.57
1724313405, 61, NaN, 14.57
1724313406, 61, 10.0, 14.57
1724313407, 61, 10.0, 14.57
1724313408, 62, 10.0, 14.38
1724313409, 62, 10.0, 14.38
1724313410, 62, 10.0, 14.38
1724313411, 63, 8.0, 14.38
1724313412, 63, 8.0, 14.33
1724313413, 63, 8.0, 14.33
1724313414, 63, 8.0, 14.33
1724313415, 63, 8.0, 14.33
1724313416, 63, 7.0, 14.33
1724313417, 63, 7.0, 14.33
1724313418, 63, 7.0, 14.2
1724313419, 63, 7.0, 14.2
1724313420, 64, 7.0, 14.38
1724313421, 64, 6.0, 14.38
1724313422, 65, 6.0, 14.38
1724313423, 66, 6.0, 14.38
1724313424, 66, 6.0, 14.38
1724313425, 66, 6.0, 14.38
1724313426, 67, 5.0, 14.38
1724313427, 68, 5.0, 14.38
1724313428, 68, 5.0, 14.38
1724313429, 68, 5.0, 14.21
1724313430, 68, 5.0, 14.21
1724313431, 68, 7.0, 14.21
1724313432, 68, 7.0, 14.21
1724313433, 68, 7.0, 14.21
1724313434, 68, 7.0, 14.21
1724313435, 68, 7.0, 14.21
1724313436, 68, 9.0, 14.21
1724313437, 68, 9.0, 14.21
1724313438, 68, 9.0, 14.0
1724313439, 67, 9.0, 14.0
1724313440, 67, 9.0, 14.0
1724313441, 67, 12.0, 14.0
1724313442, 67, 12.0, 14.11
1724313443, 67, 12.0, 14.11
1724313444, 68, 12.0, 14.11
1724313445, 68, 12.0, 14.11
1724313446, 68, 14.0, 14.11
1724313447, 68, 14.0, 14.11
1724313448, 68, 14.0, 14.11
1724313449, 67, 14.0, 14.11
1724313450, 67, 14.0, 14.11
1724313451, 67, 15.0, 13.99
1724313452, 67, 15.0, 13.99
1724313453, 67, 15.0, 13.99
1724313454, 67, 15.0, 13.93
1724313455, 66, 15.0, 13.93
1724313456, 66, 16.0, 13.93
1724313457, 66, 16.0, 14.11
1724313458, 66, 16.0, 14.11
1724313459, 66, 16.0, 14.11
1724313460, 66, 16.0, 14.11
1724313461, 66, 14.0, 14.11
1724313462, 66, 14.0, 14.11
1724313463, 66, 14.0, 13.97
1724313464, 66, 14.0, 13.97
1724313465, 66, 14.0, 13.97
1724313466, 66, 12.0, 13.97
1724313467, 65, 12.0, 14.1
1724313468, 65, 12.0, 14.1
1724313469, 65, 12.0, 14.1
1724313470, 66, 12.0, 14.1
1724313471, 66, 10.0, 14.1
1724313472, 66, 10.0, 14.01
1724313473, 66, 10.0, 14.01
1724313474, 66, 10.0, 14.01
1724313475, 66, 10.0, 14.01
1724313476, 66, 9.0, 14.01
1724313477, 66, 9.0, 14.01
1724313478, 66, 9.0, 14.01
1724313479, 66, 9.0, 13.84
1724313480, 66, 9.0, 13.84
1724313481, 66, 8.0, 13.84
1724313482, 66, 8.0, 13.84
1724313483, 66, 8.0, 13.88
1724313484, 66, 8.0, 13.88
1724313485, 66, 8.0, 13.88
1724313486, 65, 9.0, 13.88
1724313487, 65, 9.0, 14.08
1724313488, 64, 9.0, 14.08
1724313489, 65, 9.0, 14.32
1724313490, 65, 9.0, 14.32
1724313491, 65, 10.0, 14.44
1724313492, 65, 10.0, 14.44
1724313493, 65, 10.0, 14.44
1724313494, 65, 10.0, 14.75
1724313495, 66, 10.0, 14.75
1724313496, 66, 11.0, 14.75
1724313497, 67, 11.0, 14.75
1724313498, 68, 11.0, 14.77
1724313499, 68, 11.0, 14.77
1724313500, 68, 11.0, 14.77
1724313501, 68, 12.0, 14.77
1724313502, 69, 12.0, 14.77
1724313503, 70, 12.0, 14.77
1724313504, 70, 12.0, 14.77
1724313505, 69, 12.0, 14.72
1724313506, 69, NaN, 14.72
1724313507, 69, NaN, 14.72
1724313508, 68, NaN, 14.72
1724313509, 68, NaN, 14.72
1724313510, 67, NaN, 14.72
1724313511, 68, NaN, 14.72
1724313512, 69, NaN, 14.72
1724313513, 70, NaN, 14.72
1724313514, 70, NaN, 14.72
1724313515, 70, NaN, 14.55
1724313516, 71, NaN, 14.55
1724313517, 71, NaN, 14.55
1724313518, 71, NaN, 14.55
1724313519, 70, NaN, 14.57
1724313520, 71, NaN, 14.57
1724313521, 75, NaN, 14.57
1724313522, 76, NaN, 14.73
1724313523, 77, NaN, 14.73
1724313524, 76, NaN, 14.73
1724313525, 73, NaN, 14.73
1724313526, 72, 19.0, 14.73
1724313527, 71, 19.0, 14.73
1724313528, 70, 19.0, 14.73
1724313529, 69, 19.0, 14.73
1724313530, 68, 19.0, 14.73
1724313531, 68, 20.0, 14.73
1724313532, 68, 20.0, 14.47
1724313533, 68, 20.0, 14.47
1724313534, 68, 20.0, 14.47
1724313535, 69, 20.0, 14.47
1724313536, 68, 20.0, 14.47
1724313537, 67, 20.0, 14.47
1724313538, 67, 20.0, 14.44
1724313539, 67, 20.0, 14.44
1724313540, 66, 20.0, 14.44
1724313541, 66, 21.0, 14.44
1724313542, 66, 21.0, 14.44
1724313543, 66, 21.0, 14.44
1724313544, 66, 21.0, 14.44
1724313545, 66, 21.0, 14.44
1724313546, 66, 21.0, 14.2
1724313547, 66, 21.0, 14.2
1724313548, 66, 21.0, 14.2
1724313549, 66, 21.0, 14.2
1724313550, 66, 21.0, 14.2
1724313551, 67, 21.0, 14.2
1724313552, 68, 21.0, 14.2
1724313553, 68, 21.0, 14.2
1724313554, 68, 21.0, 14.2
1724313555, 67, 21.0, 14.2
1724313556, 67, 20.0, 14.2
1724313557, 67, 20.0, 14.2
1724313558, 66, 20.0, 14.2
1724313559, 67, 20.0, 13.89
1724313560, 67, 20.0, 13.89
1724313561, 67, 20.0, 14.01
1724313562, 68, 20.0, 14.01
1724313563, 68, 20.0, 14.01
1724313564, 68, 20.0, 14.01
1724313565, 67, 20.0, 14.01
1724313566, 66, 20.0, 14.16
1724313567, 66, 20.0, 14.16
1724313568, 65, 20.0, 14.16
1724313569, 65, 20.0, 14.16
1724313570, 65, 20.0, 14.16
1724313571, 65, 18.0, 14.16
1724313572, 66, 18.0, 14.16
1724313573, 66, 18.0, 14.16
1724313574, 66, 18.0, 13.97
1724313575, 66, 18.0, 13.97
