Timestamp, HR(bpm), Stress(ms), Resp(brpm)
1724326292, 82, 16.0, NaN
1724326293, 82, 16.0, NaN
1724326294, 82, 16.0, NaN
1724326295, 82, 19.0, NaN
1724326296, 83, 19.0, NaN
1724326297, 83, 19.0, NaN
1724326298, 82, 19.0, NaN
1724326299, 81, 19.0, NaN
1724326300, 81, 27.0, NaN
1724326301, 81, 27.0, NaN
1724326302, 80, 27.0, NaN
1724326303, 80, 27.0, 11.97
1724326304, 79, 27.0, 11.97
1724326305, 78, 48.0, 11.97
1724326306, 78, 48.0, 11.97
1724326307, 78, 48.0, 11.97
1724326308, 76, 48.0, 11.99
1724326309, 64, 48.0, 11.99
1724326310, 61, 45.0, 11.99
1724326311, 61, 45.0, 11.99
1724326312, 63, 45.0, 11.99
1724326313, 65, 45.0, 11.99
1724326314, 67, 45.0, 11.99
1724326315, 70, 30.0, 11.99
1724326316, 70, 30.0, 11.99
1724326317, 71, 30.0, 11.97
1724326318, 71, 30.0, 11.97
1724326319, 71, 30.0, 12.0
1724326320, 70, 22.0, 12.0
1724326321, 70, 22.0, 12.0
1724326322, 70, 22.0, 12.0
1724326323, 70, 22.0, 12.0
1724326324, 70, 22.0, 12.0
1724326325, 70, 18.0, 12.0
1724326326, 70, 18.0, 12.0
1724326327, 70, 18.0, 12.0
1724326328, 71, 18.0, 12.0
1724326329, 71, 18.0, 12.01
1724326330, 71, 13.0, 12.01
1724326331, 71, 13.0, 12.01
1724326332, 72, 13.0, 12.01
1724326333, 72, 13.0, 12.01
1724326334, 71, 13.0, 12.01
1724326335, 71, NaN, 11.93
1724326336, 70, NaN, 11.93
1724326337, 70, NaN, 11.93
1724326338, 69, NaN, 11.93
1724326339, 69, NaN, 12.13
1724326340, 68, 6.0, 12.13
1724326341, 68, 6.0, 12.13
1724326342, 68, 6.0, 12.27
1724326343, 68, 6.0, 12.27
1724326344, 68, 6.0, 12.27
1724326345, 68, 6.0, 12.38
1724326346, 68, 6.0, 12.38
1724326347, 68, 6.0, 12.38
1724326348, 70, 6.0, 12.48
1724326349, 71, 6.0, 12.48
1724326350, 72, 10.0, 12.48
1724326351, 73, 10.0, 12.82
1724326352, 75, 10.0, 12.82
1724326353, 76, 10.0, 12.82
1724326354, 77, 10.0, 17.84
1724326355, 78, NaN, 17.84
1724326356, 78, NaN, 18.03
1724326357, 79, NaN, 18.03
1724326358, 80, NaN, 18.03
1724326359, 80, NaN, 18.03
1724326360, 80, 18.0, 17.98
1724326361, 81, 18.0, 17.98
1724326362, 81, 18.0, 17.98
1724326363, 81, 18.0, 18.04
1724326364, 80, 18.0, 18.04
1724326365, 80, 20.0, 18.04
1724326366, 79, 20.0, 18.22
1724326367, 79, 20.0, 18.22
1724326368, 79, 20.0, 18.22
1724326369, 78, 20.0, 18.36
1724326370, 77, 23.0, 18.36
1724326371, 78, 23.0, 18.51
1724326372, 78, 23.0, 18.51
1724326373, 78, 23.0, 18.51
1724326374, 79, 23.0, 18.91
1724326375, 80, 29.0, 18.91
1724326376, 80, 29.0, 18.91
1724326377, 81, 29.0, 20.71
1724326378, 81, 29.0, 20.71
1724326379, 81, 29.0, 20.71
1724326380, 81, 36.0, 20.62
1724326381, 80, 36.0, 20.62
1724326382, 80, 36.0, 20.62
1724326383, 80, 36.0, 20.74
1724326384, 80, 36.0, 20.74
1724326385, 80, 36.0, 20.84
1724326386, 80, 36.0, 20.84
1724326387, 80, 36.0, 20.84
1724326388, 80, 36.0, 20.81
1724326389, 80, 36.0, 20.81
1724326390, 80, 37.0, 20.81
1724326391, 80, 37.0, 20.85
1724326392, 80, 37.0, 20.85
1724326393, 80, 37.0, 20.92
1724326394, 80, 37.0, 20.92
1724326395, 80, 37.0, 20.92
1724326396, 80, 37.0, 20.92
1724326397, 80, 37.0, 20.86
1724326398, 80, 37.0, 20.86
1724326399, 80, 37.0, 20.86
1724326400, 80, 39.0, 20.75
1724326401, 80, 39.0, 20.75
1724326402, 81, 39.0, 20.75
1724326403, 83, 39.0, 20.75
1724326404, 86, 39.0, 20.75
1724326405, 85, 42.0, 20.66
1724326406, 83, 42.0, 20.66
1724326407, 83, 42.0, 20.66
1724326408, 81, 42.0, 20.54
1724326409, 81, 42.0, 20.54
1724326410, 81, 45.0, 20.54
1724326411, 82, 45.0, 20.54
1724326412, 82, 45.0, 19.56
1724326413, 83, 45.0, 19.56
1724326414, 84, 45.0, 19.56
1724326415, 85, 48.0, 19.56
1724326416, 85, 48.0, 19.56
1724326417, 85, 48.0, 18.88
1724326418, 85, 48.0, 18.88
1724326419, 85, 48.0, 18.88
1724326420, 81, 49.0, 18.88
1724326421, 77, 49.0, 18.88
1724326422, 76, 49.0, 18.88
1724326423, 75, 49.0, 18.88
1724326424, 75, 49.0, 18.69
1724326425, 74, NaN, 18.69
1724326426, 74, NaN, 18.69
1724326427, 74, NaN, 18.69
1724326428, 75, NaN, 18.6
1724326429, 75, NaN, 18.6
1724326430, 76, NaN, 18.65
1724326431, 76, NaN, 18.65
1724326432, 76, NaN, 18.65
1724326433, 77, NaN, 18.75
1724326434, 77, NaN, 18.75
1724326435, 77, 48.0, 18.82
1724326436, 77, 48.0, 18.82
1724326437, 77, 48.0, 18.82
1724326438, 77, 48.0, 18.82
1724326439, 79, 48.0, 18.83
1724326440, 80, 42.0, 18.83
1724326441, 81, 42.0, 18.83
1724326442, 83, 42.0, 18.83
1724326443, 83, 42.0, 18.83
1724326444, 84, 42.0, 18.77
1724326445, 83, 34.0, 18.77
1724326446, 82, 34.0, 18.76
1724326447, 81, 34.0, 18.76
1724326448, 80, 34.0, 18.76
1724326449, 78, 34.0, 18.76
1724326450, 78, 30.0, 18.76
1724326451, 78, 30.0, 18.76
1724326452, 79, 30.0, 18.76
1724326453, 79, 30.0, 18.66
1724326454, 78, 30.0, 18.66
1724326455, 78, 29.0, 18.66
1724326456, 78, 29.0, 18.73
1724326457, 78, 29.0, 18.73
1724326458, 78, 29.0, 18.73
1724326459, 79, 29.0, 18.73
1724326460, 79, 28.0, 18.73
1724326461, 79, 28.0, 18.65
1724326462, 79, 28.0, 18.65
1724326463, 79, 28.0, 18.69
1724326464, 80, 28.0, 18.69
1724326465, 80, 30.0, 18.69
1724326466, 80, 30.0, 18.69
1724326467, 81, 30.0, 18.69
1724326468, 84, 30.0, 18.69
1724326469, 84, 30.0, 18.64
1724326470, 83, 33.0, 18.64
1724326471, 83, 33.0, 18.66
1724326472, 83, 33.0, 18.66
1724326473, 83, 33.0, 18.66
1724326474, 82, 33.0, 18.72
1724326475, 82, 39.0, 18.72
1724326476, 82, 39.0, 18.72
1724326477, 82, 39.0, 18.72
1724326478, 82, 39.0, 18.72
1724326479, 82, 39.0, 18.72
1724326480, 82, 45.0, 18.63
1724326481, 82, 45.0, 18.63
1724326482, 82, 45.0, 18.63
1724326483, 82, 45.0, 18.63
1724326484, 82, 45.0, 18.63
1724326485, 82, 48.0, 18.63
1724326486, 84, 48.0, 18.63
1724326487, 83, 48.0, 18.63
1724326488, 83, 48.0, 18.57
1724326489, 83, 48.0, 18.57
1724326490, 83, 53.0, 18.57
1724326491, 82, 53.0, 18.57
1724326492, 82, 53.0, 18.57
1724326493, 80, 53.0, 18.57
1724326494, 80, 53.0, 18.57
1724326495, 80, 54.0, 18.57
1724326496, 81, 54.0, 18.57
1724326497, 81, 54.0, 18.57
1724326498, 81, 54.0, 18.45
1724326499, 80, 54.0, 18.45
1724326500, 79, 51.0, 18.45
1724326501, 78, 51.0, 18.45
1724326502, 78, 51.0, 18.45
1724326503, 78, 51.0, 18.45
1724326504, 78, 51.0, 18.45
1724326505, 79, 45.0, 18.34
1724326506, 80, 45.0, 18.42
1724326507, 80, 45.0, 18.42
1724326508, 81, 45.0, 18.42
1724326509, 83, 45.0, 18.42
1724326510, 84, 39.0, 18.42
1724326511, 84, 39.0, 18.42
1724326512, 84, 39.0, 18.42
1724326513, 84, 39.0, 18.42
1724326514, 84, 39.0, 18.42
1724326515, 83, 42.0, 18.35
1724326516, 82, 42.0, 18.35
1724326517, 81, 42.0, 18.35
1724326518, 81, 42.0, 18.35
1724326519, 81, 42.0, 18.35
1724326520, 81, 41.0, 18.35
1724326521, 81, 41.0, 18.35
1724326522, 81, 41.0, 18.35
1724326523, 80, 41.0, 18.35
1724326524, 79, 41.0, 18.35
1724326525, 79, 39.0, 18.35
1724326526, 79, 39.0, 18.35
1724326527, 78, 39.0, 18.24
1724326528, 80, 39.0, 18.24
1724326529, 82, 39.0, 18.24
1724326530, 82, 41.0, 18.24
1724326531, 81, 41.0, 18.24
1724326532, 81, 41.0, 18.24
1724326533, 81, 41.0, 18.24
1724326534, 80, 41.0, 18.24
1724326535, 80, 42.0, 18.13
1724326536, 78, 42.0, 18.13
1724326537, 77, 42.0, 18.13
1724326538, 77, 42.0, 18.13
1724326539, 78, 42.0, 18.13
1724326540, 78, 43.0, 18.13
1724326541, 79, 43.0, 18.15
1724326542, 79, 43.0, 18.15
1724326543, 79, 43.0, 18.15
1724326544, 79, 43.0, 18.15
1724326545, 79, 38.0, 18.15
1724326546, 78, 38.0, 18.15
1724326547, 78, 38.0, 18.0
1724326548, 78, 38.0, 18.0
1724326549, 78, 38.0, 18.0
1724326550, 78, 35.0, 18.09
1724326551, 79, 35.0, 18.09
1724326552, 79, 35.0, 18.27
1724326553, 80, 35.0, 18.27
1724326554, 81, 35.0, 18.27
1724326555, 82, 34.0, 18.39
1724326556, 86, 34.0, 18.39
1724326557, 87, 34.0, 18.39
1724326558, 87, 34.0, 18.39
1724326559, 87, 34.0, 18.39
1724326560, 87, 36.0, 18.26
1724326561, 88, 36.0, 18.26
1724326562, 88, 36.0, 18.26
1724326563, 88, 36.0, 18.33
1724326564, 89, 36.0, 18.33
1724326565, 89, 41.0, 18.33
1724326566, 89, 41.0, 18.36
1724326567, 89, 41.0, 18.36
1724326568, 89, 41.0, 18.36
1724326569, 89, 41.0, 18.47
1724326570, 88, 48.0, 18.47
1724326571, 88, 48.0, 18.47
1724326572, 89, 48.0, 18.6
1724326573, 90, 48.0, 18.6
1724326574, 91, 48.0, 19.97
1724326575, 91, 54.0, 19.97
1724326576, 91, 54.0, 19.97
1724326577, 89, 54.0, 20.46
1724326578, 86, 54.0, 20.46
1724326579, 85, 54.0, 20.46
1724326580, 85, 61.0, 20.45
1724326581, 84, 61.0, 20.45
1724326582, 84, 61.0, 20.45
1724326583, 84, 61.0, 20.27
1724326584, 84, 61.0, 20.27
1724326585, 84, 66.0, 20.27
1724326586, 84, 66.0, 20.27
1724326587, 84, 66.0, 20.27
1724326588, 84, 66.0, 20.27
1724326589, 84, 66.0, 20.13
1724326590, 84, 69.0, 20.06
1724326591, 84, 69.0, 20.06
1724326592, 84, 69.0, 20.06
1724326593, 84, 69.0, 20.06
1724326594, 84, 69.0, 20.06
1724326595, 84, 68.0, 20.06
1724326596, 83, 68.0, 19.86
1724326597, 83, 68.0, 19.86
1724326598, 82, 68.0, 19.86
1724326599, 83, 68.0, 19.86
1724326600, 82, 66.0, 19.66
1724326601, 82, 66.0, 19.66
1724326602, 82, 66.0, 19.66
1724326603, 80, 66.0, 19.66
1724326604, 79, 66.0, 19.66
1724326605, 78, 61.0, 19.66
1724326606, 78, 61.0, 19.66
1724326607, 78, 61.0, 19.66
1724326608, 77, 61.0, 19.66
1724326609, 76, 61.0, 19.45
1724326610, 76, 54.0, 19.45
1724326611, 75, 54.0, 19.49
1724326612, 75, 54.0, 19.49
1724326613, 75, 54.0, 19.49
1724326614, 75, 54.0, 19.49
1724326615, 74, 48.0, 19.49
1724326616, 74, 48.0, 19.49
1724326617, 75, 48.0, 19.49
1724326618, 75, 48.0, 19.49
1724326619, 76, 48.0, 19.49
1724326620, 76, NaN, 19.41
1724326621, 77, NaN, 19.41
1724326622, 78, NaN, 19.41
1724326623, 78, NaN, 19.41
1724326624, 79, NaN, 19.41
1724326625, 79, 39.0, 19.41
1724326626, 79, 39.0, 19.41
1724326627, 79, 39.0, 19.36
1724326628, 79, 39.0, 19.36
1724326629, 79, 39.0, 19.36
1724326630, 79, 33.0, 19.32
1724326631, 79, 33.0, 19.32
1724326632, 80, 33.0, 19.32
1724326633, 81, 33.0, 19.34
1724326634, 82, 33.0, 19.34
1724326635, 82, 28.0, 19.38
1724326636, 81, 28.0, 19.38
1724326637, 81, 28.0, 19.38
1724326638, 81, 28.0, 19.4
1724326639, 81, 28.0, 19.4
1724326640, 82, 28.0, 19.4
1724326641, 82, 28.0, 19.4
1724326642, 82, 28.0, 19.4
1724326643, 82, 28.0, 19.4
1724326644, 82, 28.0, 19.4
1724326645, 82, 28.0, 19.4
1724326646, 82, 28.0, 19.24
1724326647, 82, 28.0, 19.24
1724326648, 82, 28.0, 19.24
1724326649, 82, 28.0, 19.24
1724326650, 82, 29.0, 19.24
1724326651, 82, 29.0, 19.24
1724326652, 82, 29.0, 19.28
1724326653, 82, 29.0, 19.28
1724326654, 82, 29.0, 19.28
1724326655, 83, 33.0, 19.28
1724326656, 83, 33.0, 19.22
1724326657, 83, 33.0, 19.22
1724326658, 83, 33.0, 19.22
1724326659, 83, 33.0, 19.22
1724326660, 83, 37.0, 19.22
1724326661, 83, 37.0, 19.22
1724326662, 83, 37.0, 19.07
1724326663, 83, 37.0, 19.07
1724326664, 83, 37.0, 19.07
1724326665, 83, 42.0, 19.07
1724326666, 83, 42.0, 19.07
1724326667, 82, 42.0, 19.07
1724326668, 79, 42.0, 19.07
1724326669, 78, 42.0, 19.07
1724326670, 77, 48.0, 19.07
1724326671, 76, 48.0, 19.07
1724326672, 76, 48.0, 18.86
1724326673, 76, 48.0, 18.86
1724326674, 76, 48.0, 18.86
1724326675, 85, 48.0, 18.86
1724326676, 98, 48.0, 18.86
1724326677, 102, 48.0, 18.86
1724326678, 103, 48.0, 18.86
1724326679, 104, 48.0, 18.86
1724326680, 104, 54.0, 18.86
1724326681, 104, 54.0, 18.86
1724326682, 101, 54.0, 18.86
1724326683, 98, 54.0, 18.86
1724326684, 97, 54.0, 18.86
1724326685, 96, 60.0, 18.86
1724326686, 93, 60.0, 18.86
1724326687, 92, 60.0, 18.86
1724326688, 89, 60.0, 18.86
1724326689, 88, 60.0, 18.86
1724326690, 88, 63.0, 18.62
1724326691, 87, 63.0, 18.62
1724326692, 87, 63.0, 18.7
1724326693, 88, 63.0, 18.7
1724326694, 88, 63.0, 18.7
1724326695, 87, 66.0, 18.75
1724326696, 87, 66.0, 18.75
1724326697, 88, 66.0, 18.75
1724326698, 87, 66.0, 18.79
1724326699, 87, 66.0, 18.79
1724326700, 86, 66.0, 18.79
1724326701, 86, 66.0, 18.87
1724326702, 85, 66.0, 18.87
1724326703, 86, 66.0, 18.78
1724326704, 85, 66.0, 18.78
1724326705, 86, 72.0, 18.78
1724326706, 85, 72.0, 18.78
1724326707, 84, 72.0, 18.78
1724326708, 84, 72.0, 18.78
1724326709, 84, 72.0, 18.75
1724326710, 84, 72.0, 18.75
1724326711, 85, 72.0, 18.59
1724326712, 85, 72.0, 18.59
1724326713, 86, 72.0, 18.59
1724326714, 86, 72.0, 18.59
1724326715, 87, 69.0, 18.59
1724326716, 87, 69.0, 18.59
1724326717, 87, 69.0, 18.59
1724326718, 86, 69.0, 18.59
1724326719, 85, 69.0, 18.38
1724326720, 85, 68.0, 18.38
1724326721, 84, 68.0, 18.38
1724326722, 83, 68.0, 18.38
1724326723, 82, 68.0, 18.38
1724326724, 81, 68.0, 18.38
1724326725, 80, 66.0, 18.38
1724326726, 79, 66.0, 18.38
1724326727, 75, 66.0, 18.38
1724326728, 75, 66.0, 18.38
1724326729, 75, 66.0, 18.38
1724326730, 75, 62.0, 18.38
1724326731, 75, 62.0, 18.38
1724326732, 75, 62.0, 18.11
1724326733, 75, 62.0, 18.11
1724326734, 75, 62.0, 18.11
1724326735, 75, NaN, 18.11
1724326736, 75, NaN, 18.11
1724326737, 75, NaN, 18.11
1724326738, 75, NaN, 18.11
1724326739, 75, NaN, 18.11
1724326740, 75, NaN, 18.11
1724326741, 75, NaN, 17.86
1724326742, 77, NaN, 17.86
1724326743, 78, NaN, 17.86
1724326744, 78, NaN, 17.86
1724326745, 78, NaN, 17.86
1724326746, 79, NaN, 17.86
1724326747, 82, NaN, 17.86
1724326748, 83, NaN, 17.86
1724326749, 83, NaN, 17.86
1724326750, 83, 45.0, 17.4
1724326751, 84, 45.0, 17.4
1724326752, 84, 45.0, 17.4
1724326753, 85, 45.0, 17.4
1724326754, 85, 45.0, 17.4
1724326755, 85, 32.0, 17.4
1724326756, 84, 32.0, 15.47
1724326757, 84, 32.0, 15.47
1724326758, 84, 32.0, 15.47
1724326759, 84, 32.0, 15.56
1724326760, 84, 40.0, 15.56
1724326761, 85, 40.0, 15.56
1724326762, 85, 40.0, 15.56
1724326763, 85, 40.0, 15.56
1724326764, 85, 40.0, 15.56
1724326765, 85, 38.0, 15.51
1724326766, 85, 38.0, 15.51
1724326767, 84, 38.0, 15.51
1724326768, 84, 38.0, 15.51
1724326769, 84, 38.0, 15.51
1724326770, 84, 36.0, 15.54
1724326771, 85, 36.0, 15.54
1724326772, 85, 36.0, 15.51
1724326773, 85, 36.0, 15.51
1724326774, 85, 36.0, 15.51
1724326775, 85, 35.0, 15.51
1724326776, 86, 35.0, 15.51
1724326777, 86, 35.0, 15.51
1724326778, 86, 35.0, 15.45
1724326779, 86, 35.0, 15.45
1724326780, 86, 36.0, 15.45
1724326781, 86, 36.0, 15.45
1724326782, 85, 36.0, 15.45
1724326783, 85, 36.0, 15.45
1724326784, 84, 36.0, 15.13
1724326785, 84, 38.0, 15.13
1724326786, 85, 38.0, 15.13
1724326787, 85, 38.0, 15.13
1724326788, 86, 38.0, 15.13
1724326789, 86, 38.0, 15.13
1724326790, 86, 37.0, 14.9
1724326791, 86, 37.0, 14.9
1724326792, 86, 37.0, 15.11
1724326793, 86, 37.0, 15.11
1724326794, 86, 37.0, 15.11
1724326795, 86, 42.0, 15.11
1724326796, 86, 42.0, 15.11
1724326797, 86, 42.0, 15.11
1724326798, 86, 42.0, 14.86
1724326799, 86, 42.0, 14.86
1724326800, 86, 49.0, 14.86
1724326801, 86, 49.0, 14.86
1724326802, 86, 49.0, 14.86
1724326803, 86, 49.0, 14.86
1724326804, 86, 49.0, 14.78
1724326805, 85, 55.0, 14.78
1724326806, 85, 55.0, 14.78
1724326807, 85, 55.0, 14.78
1724326808, 86, 55.0, 14.91
1724326809, 87, 55.0, 14.91
1724326810, 88, 61.0, 15.04
1724326811, 88, 61.0, 15.04
1724326812, 89, 61.0, 15.04
1724326813, 90, 61.0, 15.04
1724326814, 91, 61.0, 15.04
1724326815, 91, 66.0, 14.76
1724326816, 91, 66.0, 14.76
1724326817, 91, 66.0, 14.76
1724326818, 91, 66.0, 14.76
1724326819, 90, 66.0, 14.76
1724326820, 87, 68.0, 14.76
1724326821, 84, 68.0, 14.47
1724326822, 84, 68.0, 14.47
1724326823, 83, 68.0, 14.47
1724326824, 82, 68.0, 14.47
1724326825, 81, 63.0, 14.47
1724326826, 80, 63.0, 14.47
1724326827, 79, 63.0, 14.67
1724326828, 79, 63.0, 14.67
1724326829, 80, 63.0, 14.67
1724326830, 83, 59.0, 14.67
1724326831, 84, 59.0, 14.67
1724326832, 83, 59.0, 14.67
1724326833, 83, 59.0, 14.67
1724326834, 85, 59.0, 14.67
1724326835, 85, 49.0, 14.67
1724326836, 84, 49.0, 14.67
1724326837, 83, 49.0, 14.67
1724326838, 83, 49.0, 14.53
1724326839, 83, 49.0, 14.62
1724326840, 83, 43.0, 14.62
1724326841, 83, 43.0, 14.62
1724326842, 83, 43.0, 14.62
1724326843, 83, 43.0, 14.62
1724326844, 83, 43.0, 14.62
1724326845, 82, 36.0, 14.62
1724326846, 80, 36.0, 14.62
1724326847, 80, 36.0, 14.62
1724326848, 80, 36.0, 14.62
1724326849, 80, 36.0, 14.54
1724326850, 80, 29.0, 14.54
1724326851, 80, 29.0, 14.54
1724326852, 81, 29.0, 14.54
1724326853, 81, 29.0, 14.54
1724326854, 81, 29.0, 14.54
1724326855, 81, 27.0, 14.54
1724326856, 81, 27.0, 14.54
1724326857, 81, 27.0, 14.54
1724326858, 80, 27.0, 14.54
1724326859, 80, 27.0, 14.54
1724326860, 80, 23.0, 14.47
1724326861, 80, 23.0, 14.47
1724326862, 80, 23.0, 14.47
1724326863, 80, 23.0, 14.47
1724326864, 80, 23.0, 14.47
1724326865, 80, 24.0, 14.47
1724326866, 81, 24.0, 14.47
1724326867, 81, 24.0, 14.47
1724326868, 81, 24.0, 14.47
1724326869, 82, 24.0, 14.47
1724326870, 82, 24.0, 14.47
1724326871, 82, 24.0, 14.47
1724326872, 83, 24.0, 14.34
1724326873, 83, 24.0, 14.34
1724326874, 83, 24.0, 14.34
1724326875, 84, 24.0, 14.34
1724326876, 84, 24.0, 14.34
1724326877, 84, 24.0, 14.34
1724326878, 83, 24.0, 14.34
1724326879, 83, 24.0, 14.34
1724326880, 83, 21.0, 14.34
1724326881, 83, 21.0, 14.34
1724326882, 84, 21.0, 14.34
1724326883, 84, 21.0, 14.34
1724326884, 84, 21.0, 14.2
1724326885, 84, 21.0, 14.2
1724326886, 82, 21.0, 14.2
1724326887, 81, 21.0, 14.2
1724326888, 81, 21.0, 14.2
1724326889, 80, 21.0, 14.2
1724326890, 79, 21.0, 14.2
1724326891, 79, 21.0, 14.2
1724326892, 78, 21.0, 14.2
1724326893, 78, 21.0, 14.2
1724326894, 78, 21.0, 8.94
1724326895, 78, 21.0, 8.94
1724326896, 79, 21.0, 9.08
1724326897, 79, 21.0, 9.08
1724326898, 80, 21.0, 9.08
1724326899, 80, 21.0, 9.18
1724326900, 80, 21.0, 9.18
1724326901, 81, 21.0, 9.27
1724326902, 81, 21.0, 9.27
1724326903, 81, 21.0, 9.27
1724326904, 81, 21.0, 9.35
1724326905, 81, 22.0, 9.35
1724326906, 81, 22.0, 9.35
1724326907, 81, 22.0, 9.35
1724326908, 82, 22.0, 9.77
1724326909, 82, 22.0, 9.77
1724326910, 82, 26.0, 10.27
1724326911, 82, 26.0, 10.27
1724326912, 82, 26.0, 10.27
1724326913, 82, 26.0, 10.89
1724326914, 81, 26.0, 10.89
1724326915, 80, 30.0, 10.89
1724326916, 80, 30.0, 10.89
1724326917, 80, 30.0, 10.89
1724326918, 80, 30.0, 10.89
1724326919, 80, 30.0, 10.89
1724326920, 80, 39.0, 10.89
1724326921, 81, 39.0, 10.85
1724326922, 81, 39.0, 10.85
1724326923, 81, 39.0, 10.85
1724326924, 81, 39.0, 10.85
1724326925, 81, 38.0, 10.85
1724326926, 82, 38.0, 10.9
1724326927, 83, 38.0, 10.9
1724326928, 83, 38.0, 10.9
1724326929, 82, 38.0, 10.9
1724326930, 82, 38.0, 10.91
1724326931, 79, 38.0, 10.91
1724326932, 79, 38.0, 10.91
1724326933, 78, 38.0, 10.91
1724326934, 78, 38.0, 10.91
1724326935, 78, 36.0, 10.98
1724326936, 78, 36.0, 10.98
1724326937, 78, 36.0, 10.98
1724326938, 78, 36.0, 10.98
1724326939, 79, 36.0, 11.17
1724326940, 79, 33.0, 11.17
1724326941, 79, 33.0, 11.17
1724326942, 79, 33.0, 11.17
1724326943, 79, 33.0, 11.75
1724326944, 80, 33.0, 11.75
1724326945, 80, 30.0, 12.01
1724326946, 81, 30.0, 12.01
1724326947, 82, 30.0, 12.01
1724326948, 82, 30.0, 12.01
1724326949, 82, 30.0, 12.26
1724326950, 82, 29.0, 12.26
1724326951, 81, 29.0, 12.55
1724326952, 81, 29.0, 12.55
1724326953, 81, 29.0, 12.55
1724326954, 81, 29.0, 12.67
1724326955, 81, 30.0, 12.67
1724326956, 82, 30.0, 12.67
1724326957, 82, 30.0, 12.67
1724326958, 82, 30.0, 12.67
1724326959, 82, 30.0, 12.67
1724326960, 82, 34.0, 12.67
1724326961, 82, 34.0, 12.63
1724326962, 81, 34.0, 12.63
1724326963, 81, 34.0, 12.78
1724326964, 81, 34.0, 12.78
1724326965, 81, 34.0, 12.78
1724326966, 81, 34.0, 12.78
1724326967, 81, 34.0, 12.81
1724326968, 81, 34.0, 12.81
1724326969, 81, 34.0, 12.95
1724326970, 81, 34.0, 12.95
1724326971, 81, 34.0, 12.95
1724326972, 80, 34.0, 12.95
1724326973, 79, 34.0, 12.95
1724326974, 79, 34.0, 12.95
1724326975, 79, 35.0, 12.95
1724326976, 79, 35.0, 12.95
1724326977, 79, 35.0, 12.94
1724326978, 80, 35.0, 12.94
1724326979, 80, 35.0, 12.94
1724326980, 80, 36.0, 12.92
1724326981, 80, 36.0, 12.92
1724326982, 80, 36.0, 12.92
1724326983, 80, 36.0, 13.05
1724326984, 80, 36.0, 13.05
1724326985, 80, 35.0, 13.05
1724326986, 80, 35.0, 13.05
1724326987, 81, 35.0, 13.05
1724326988, 81, 35.0, 13.05
1724326989, 82, 35.0, 13.05
1724326990, 82, 31.0, 13.01
1724326991, 82, 31.0, 13.01
1724326992, 82, 31.0, 13.01
1724326993, 82, 31.0, 13.01
1724326994, 82, 31.0, 13.1
1724326995, 82, 31.0, 13.1
1724326996, 84, 31.0, 13.1
1724326997, 87, 31.0, 13.1
1724326998, 89, 31.0, 13.1
1724326999, 89, 31.0, 13.1
1724327000, 90, 38.0, 13.1
1724327001, 89, 38.0, 13.1
1724327002, 89, 38.0, 13.1
1724327003, 88, 38.0, 13.04
1724327004, 87, 38.0, 13.04
1724327005, 87, 37.0, 13.04
1724327006, 86, 37.0, 13.04
1724327007, 85, 37.0, 13.03
1724327008, 84, 37.0, 13.03
1724327009, 83, 37.0, 13.03
1724327010, 82, 36.0, 13.03
1724327011, 81, 36.0, 13.03
1724327012, 81, 36.0, 13.05
1724327013, 80, 36.0, 13.05
1724327014, 81, 36.0, 13.05
1724327015, 80, 36.0, 13.05
1724327016, 80, 36.0, 13.1
1724327017, 80, 36.0, 13.1
1724327018, 80, 36.0, 13.1
1724327019, 81, 36.0, 13.1
1724327020, 81, 38.0, 13.1
1724327021, 82, 38.0, 12.9
1724327022, 82, 38.0, 12.9
1724327023, 83, 38.0, 13.2
1724327024, 82, 38.0, 13.2
1724327025, 82, 41.0, 13.2
1724327026, 82, 41.0, 13.2
1724327027, 82, 41.0, 13.27
1724327028, 82, 41.0, 13.27
1724327029, 80, 41.0, 13.27
1724327030, 79, 37.0, 13.44
1724327031, 78, 37.0, 13.44
1724327032, 78, 37.0, 13.44
1724327033, 78, 37.0, 13.66
1724327034, 78, 37.0, 13.66
1724327035, 78, 37.0, 13.66
1724327036, 78, 37.0, 13.66
1724327037, 79, 37.0, 13.66
1724327038, 79, 37.0, 13.66
1724327039, 79, 37.0, 13.56
1724327040, 79, 36.0, 13.56
1724327041, 79, 36.0, 13.56
1724327042, 79, 36.0, 13.56
1724327043, 79, 36.0, 13.56
1724327044, 79, 36.0, 13.78
1724327045, 79, 36.0, 13.78
1724327046, 79, 36.0, 13.78
1724327047, 79, 36.0, 13.78
1724327048, 79, 36.0, 13.71
1724327049, 78, 36.0, 13.71
1724327050, 77, 30.0, 13.9
1724327051, 77, 30.0, 13.9
1724327052, 77, 30.0, 13.9
1724327053, 78, 30.0, 13.9
1724327054, 78, 30.0, 13.9
1724327055, 78, 24.0, 13.9
1724327056, 78, 24.0, 13.9
1724327057, 78, 24.0, 13.82
1724327058, 78, 24.0, 13.82
1724327059, 78, 24.0, 13.82
1724327060, 77, 23.0, 13.82
1724327061, 75, 23.0, 13.82
1724327062, 74, 23.0, 13.82
1724327063, 74, 23.0, 13.71
1724327064, 74, 23.0, 13.71
1724327065, 74, 23.0, 13.88
1724327066, 74, 23.0, 13.88
1724327067, 74, 23.0, 13.88
1724327068, 74, 23.0, 13.88
1724327069, 75, 23.0, 13.95
1724327070, 75, NaN, 13.95
1724327071, 76, NaN, 13.95
1724327072, 76, NaN, 13.95
1724327073, 77, NaN, 13.95
1724327074, 78, NaN, 13.87
1724327075, 77, 22.0, 13.87
1724327076, 76, 22.0, 13.87
1724327077, 76, 22.0, 13.87
1724327078, 76, 22.0, 13.87
1724327079, 76, 22.0, 13.87
1724327080, 76, 24.0, 13.87
1724327081, 77, 24.0, 13.89
1724327082, 81, 24.0, 13.89
1724327083, 82, 24.0, 13.89
1724327084, 79, 24.0, 13.89
1724327085, 78, 26.0, 13.89
1724327086, 78, 26.0, 13.89
1724327087, 78, 26.0, 13.89
1724327088, 77, 26.0, 13.89
1724327089, 77, 26.0, 13.89
1724327090, 77, 23.0, 13.89
1724327091, 77, 23.0, 13.89
1724327092, 77, 23.0, 13.72
1724327093, 78, 23.0, 13.72
1724327094, 80, 23.0, 13.72
1724327095, 82, 24.0, 13.72
1724327096, 81, 24.0, 13.72
1724327097, 84, 24.0, 13.47
1724327098, 86, 24.0, 13.47
1724327099, 85, 24.0, 13.47
1724327100, 84, 25.0, 13.47
1724327101, 83, 25.0, 13.47
1724327102, 78, 25.0, 13.47
1724327103, 76, 25.0, 13.64
1724327104, 76, 25.0, 13.64
1724327105, 77, 25.0, 13.64
1724327106, 77, 25.0, 13.57
1724327107, 78, 25.0, 13.57
1724327108, 78, 25.0, 13.57
1724327109, 79, 25.0, 13.57
1724327110, 81, 25.0, 13.57
1724327111, 83, 25.0, 13.67
1724327112, 83, 25.0, 13.67
1724327113, 83, 25.0, 13.67
1724327114, 82, 25.0, 13.62
1724327115, 82, 25.0, 13.62
1724327116, 82, 25.0, 13.62
1724327117, 82, 25.0, 13.82
1724327118, 82, 25.0, 13.82
1724327119, 83, 25.0, 13.82
1724327120, 83, 28.0, 13.82
1724327121, 83, 28.0, 13.82
1724327122, 83, 28.0, 13.82
1724327123, 83, 28.0, 13.82
1724327124, 83, 28.0, 13.82
1724327125, 82, 28.0, 13.65
1724327126, 81, 28.0, 13.65
1724327127, 79, 28.0, 13.85
1724327128, 78, 28.0, 13.85
1724327129, 78, 28.0, 13.85
1724327130, 78, 29.0, 13.85
1724327131, 78, 29.0, 13.87
1724327132, 77, 29.0, 13.87
1724327133, 78, 29.0, 13.87
1724327134, 78, 29.0, 13.87
1724327135, 79, 30.0, 13.87
1724327136, 79, 30.0, 13.87
1724327137, 79, 30.0, 13.87
1724327138, 80, 30.0, 14.07
1724327139, 81, 30.0, 14.0
1724327140, 81, 30.0, 14.0
1724327141, 81, 30.0, 14.0
1724327142, 82, 30.0, 14.0
1724327143, 82, 30.0, 14.0
1724327144, 82, 30.0, 14.0
1724327145, 82, 33.0, 14.01
1724327146, 82, 33.0, 14.29
1724327147, 82, 33.0, 14.29
1724327148, 82, 33.0, 14.29
1724327149, 81, 33.0, 14.46
1724327150, 81, 36.0, 14.46
1724327151, 81, 36.0, 14.46
1724327152, 81, 36.0, 14.46
1724327153, 80, 36.0, 14.53
1724327154, 80, 36.0, 14.53
1724327155, 79, 38.0, 14.53
1724327156, 79, 38.0, 14.53
1724327157, 79, 38.0, 14.68
1724327158, 79, 38.0, 14.68
1724327159, 79, 38.0, 14.68
1724327160, 79, 39.0, 14.68
1724327161, 80, 39.0, 14.68
1724327162, 81, 39.0, 14.68
1724327163, 82, 39.0, 14.68
1724327164, 83, 39.0, 14.5
1724327165, 83, 39.0, 14.5
1724327166, 83, 39.0, 14.73
1724327167, 83, 39.0, 14.73
1724327168, 83, 39.0, 14.73
1724327169, 83, 39.0, 14.89
1724327170, 83, 38.0, 14.89
1724327171, 83, 38.0, 14.89
1724327172, 83, 38.0, 14.89
1724327173, 84, 38.0, 14.89
1724327174, 84, 38.0, 14.89
1724327175, 84, 35.0, 14.89
1724327176, 85, 35.0, 14.83
1724327177, 85, 35.0, 14.83
1724327178, 85, 35.0, 14.91
1724327179, 86, 35.0, 14.91
1724327180, 86, 33.0, 14.91
1724327181, 87, 33.0, 15.05
1724327182, 87, 33.0, 15.05
1724327183, 88, 33.0, 15.05
1724327184, 88, 33.0, 15.05
1724327185, 88, 32.0, 15.05
1724327186, 88, 32.0, 15.05
1724327187, 88, 32.0, 15.05
1724327188, 87, 32.0, 15.05
1724327189, 85, 32.0, 15.05
1724327190, 85, 32.0, 15.0
1724327191, 85, 32.0, 15.0
1724327192, 84, 32.0, 15.0
1724327193, 83, 32.0, 15.0
1724327194, 83, 32.0, 15.0
1724327195, 87, 33.0, 15.0
1724327196, 104, 33.0, 15.0
1724327197, 105, 33.0, 14.91
1724327198, 105, 33.0, 14.91
1724327199, 105, 33.0, 14.91
1724327200, 105, 36.0, 14.91
1724327201, 101, 36.0, 14.91
1724327202, 84, 36.0, 14.91
1724327203, 84, 36.0, 14.97
1724327204, 85, 36.0, 14.97
1724327205, 86, 36.0, 14.97
1724327206, 87, 36.0, 14.97
1724327207, 87, 36.0, 14.97
1724327208, 86, 36.0, 14.97
1724327209, 86, 36.0, 14.97
1724327210, 85, 36.0, 14.97
1724327211, 85, 36.0, 14.97
1724327212, 84, 36.0, 14.97
1724327213, 84, 36.0, 14.86
1724327214, 84, 36.0, 14.86
1724327215, 84, 34.0, 14.86
1724327216, 84, 34.0, 14.86
1724327217, 85, 34.0, 14.86
1724327218, 86, 34.0, 14.86
1724327219, 86, 34.0, 14.86
1724327220, 86, 34.0, 14.86
1724327221, 86, 34.0, 14.62
1724327222, 87, 34.0, 14.62
1724327223, 87, 34.0, 14.62
1724327224, 86, 34.0, 14.62
1724327225, 86, 39.0, 14.62
1724327226, 85, 39.0, 14.62
1724327227, 84, 39.0, 14.51
1724327228, 84, 39.0, 14.51
1724327229, 85, 39.0, 14.66
1724327230, 83, 42.0, 14.66
1724327231, 82, 42.0, 14.66
1724327232, 82, 42.0, 14.66
1724327233, 82, 42.0, 14.74
1724327234, 82, 42.0, 14.74
1724327235, 82, 42.0, 14.83
1724327236, 82, 42.0, 14.83
1724327237, 81, 42.0, 14.83
1724327238, 81, 42.0, 14.83
1724327239, 81, 42.0, 14.83
1724327240, 81, 42.0, 14.83
1724327241, 81, 42.0, 14.83
1724327242, 81, 42.0, 14.83
1724327243, 83, 42.0, 14.73
1724327244, 84, 42.0, 14.73
1724327245, 84, 42.0, 14.68
1724327246, 84, 42.0, 14.68
1724327247, 84, 42.0, 14.68
1724327248, 87, 42.0, 14.68
1724327249, 87, 42.0, 14.68
1724327250, 87, 42.0, 14.61
1724327251, 87, 42.0, 14.61
1724327252, 86, 42.0, 14.61
1724327253, 86, 42.0, 14.61
1724327254, 86, 42.0, 14.61
1724327255, 86, 42.0, 14.61
1724327256, 86, 42.0, 14.61
1724327257, 86, 42.0, 14.61
1724327258, 86, 42.0, 14.26
1724327259, 86, 42.0, 14.26
1724327260, 85, 35.0, 14.26
1724327261, 85, 35.0, 14.26
1724327262, 85, 35.0, 14.26
1724327263, 85, 35.0, 14.26
1724327264, 85, 35.0, 13.52
1724327265, 78, 35.0, 13.52
1724327266, 74, 35.0, 13.79
1724327267, 73, 35.0, 13.79
1724327268, 73, 35.0, 13.79
1724327269, 72, 35.0, 13.79
1724327270, 71, 31.0, 13.79
1724327271, 71, 31.0, 13.79
1724327272, 71, 31.0, 13.88
1724327273, 71, 31.0, 13.88
1724327274, 71, 31.0, 13.88
1724327275, 71, 30.0, 13.88
1724327276, 71, 30.0, 13.75
1724327277, 71, 30.0, 13.75
1724327278, 71, 30.0, 13.75
1724327279, 75, 30.0, 13.75
1724327280, 78, 30.0, 13.75
1724327281, 79, 30.0, 13.62
1724327282, 80, 30.0, 13.62
1724327283, 80, 30.0, 13.62
1724327284, 80, 30.0, 13.62
1724327285, 79, 25.0, 13.62
1724327286, 80, 25.0, 13.62
1724327287, 80, 25.0, 13.62
1724327288, 80, 25.0, 13.62
1724327289, 81, 25.0, 13.62
1724327290, 81, 25.0, 13.62
1724327291, 81, 25.0, 13.62
1724327292, 82, 25.0, 13.62
1724327293, 82, 25.0, 13.62
1724327294, 82, 25.0, 13.62
1724327295, 81, 25.0, 13.62
1724327296, 81, 25.0, 13.62
1724327297, 80, 25.0, 13.62
1724327298, 80, 25.0, 13.62
1724327299, 81, 25.0, 13.62
1724327300, 81, 29.0, 13.62
1724327301, 81, 29.0, 13.62
1724327302, 81, 29.0, 13.62
1724327303, 81, 29.0, 13.42
1724327304, 81, 29.0, 13.42
1724327305, 82, 30.0, 13.42
1724327306, 86, 30.0, 13.42
1724327307, 87, 30.0, 13.65
1724327308, 86, 30.0, 13.65
1724327309, 86, 30.0, 13.65
1724327310, 88, 30.0, 13.9
1724327311, 87, 30.0, 13.9
1724327312, 88, 30.0, 13.9
1724327313, 87, 30.0, 13.9
1724327314, 86, 30.0, 13.9
1724327315, 87, 30.0, 13.9
1724327316, 87, 30.0, 13.9
1724327317, 87, 30.0, 13.9
1724327318, 87, 30.0, 13.9
1724327319, 86, 30.0, 13.76
1724327320, 86, 25.0, 13.76
1724327321, 82, 25.0, 13.76
1724327322, 79, 25.0, 13.76
1724327323, 79, 25.0, 13.76
1724327324, 79, 25.0, 13.76
1724327325, 78, 25.0, 13.76
1724327326, 78, 25.0, 13.76
1724327327, 79, 25.0, 13.76
1724327328, 79, 25.0, 13.76
1724327329, 80, 25.0, 13.63
1724327330, 81, 25.0, 13.63
1724327331, 84, 25.0, 13.7
1724327332, 84, 25.0, 13.7
1724327333, 84, 25.0, 13.7
1724327334, 84, 25.0, 13.7
1724327335, 83, 24.0, 13.7
1724327336, 83, 24.0, 13.78
1724327337, 83, 24.0, 13.78
1724327338, 84, 24.0, 13.78
1724327339, 84, 24.0, 13.78
1724327340, 85, 24.0, 13.72
1724327341, 86, 24.0, 13.72
1724327342, 86, 24.0, 13.8
1724327343, 88, 24.0, 13.8
1724327344, 89, 24.0, 13.8
1724327345, 89, 24.0, 13.8
1724327346, 89, 24.0, 14.29
1724327347, 88, 24.0, 14.29
1724327348, 88, 24.0, 14.29
1724327349, 88, 24.0, 14.29
1724327350, 89, 29.0, 14.23
1724327351, 89, 29.0, 14.23
1724327352, 89, 29.0, 14.23
1724327353, 89, 29.0, 14.23
1724327354, 88, 29.0, 14.23
1724327355, 87, 30.0, 14.23
1724327356, 85, 30.0, 14.23
1724327357, 83, 30.0, 14.06
1724327358, 82, 30.0, 14.06
1724327359, 83, 30.0, 14.06
1724327360, 82, 30.0, 14.06
1724327361, 82, 30.0, 14.06
1724327362, 82, 30.0, 14.06
1724327363, 82, 30.0, 14.06
1724327364, 82, 30.0, 14.06
1724327365, 82, 30.0, 14.07
1724327366, 81, 30.0, 14.07
1724327367, 81, 30.0, 14.07
1724327368, 81, 30.0, 14.07
1724327369, 82, 30.0, 14.07
1724327370, 82, 31.0, 14.07
1724327371, 83, 31.0, 14.21
1724327372, 83, 31.0, 14.21
1724327373, 83, 31.0, 14.45
1724327374, 83, 31.0, 14.45
1724327375, 83, 34.0, 14.45
1724327376, 82, 34.0, 14.45
1724327377, 82, 34.0, 14.45
1724327378, 81, 34.0, 14.0
1724327379, 79, 34.0, 14.0
1724327380, 78, 35.0, 14.0
1724327381, 78, 35.0, 14.0
1724327382, 78, 35.0, 14.0
1724327383, 78, 35.0, 14.0
1724327384, 79, 35.0, 13.69
1724327385, 80, 35.0, 13.69
1724327386, 80, 35.0, 13.69
1724327387, 80, 35.0, 13.69
1724327388, 82, 35.0, 13.69
1724327389, 83, 35.0, 13.57
1724327390, 83, 38.0, 13.57
1724327391, 83, 38.0, 13.75
1724327392, 83, 38.0, 13.75
1724327393, 83, 38.0, 13.75
1724327394, 83, 38.0, 13.75
1724327395, 83, 43.0, 13.75
1724327396, 84, 43.0, 13.75
1724327397, 85, 43.0, 13.73
1724327398, 86, 43.0, 13.73
1724327399, 86, 43.0, 13.73
1724327400, 87, 45.0, 13.73
1724327401, 87, 45.0, 13.73
1724327402, 87, 45.0, 13.73
1724327403, 87, 45.0, 13.73
1724327404, 87, 45.0, 13.73
1724327405, 87, 49.0, 13.66
1724327406, 87, 49.0, 13.77
1724327407, 87, 49.0, 13.77
1724327408, 87, 49.0, 13.77
1724327409, 87, 49.0, 13.77
1724327410, 87, 55.0, 13.81
1724327411, 87, 55.0, 13.81
1724327412, 87, 55.0, 13.81
1724327413, 87, 55.0, 13.96
1724327414, 87, 55.0, 13.96
1724327415, 85, 61.0, 13.96
1724327416, 85, 61.0, 13.96
1724327417, 85, 61.0, 13.96
1724327418, 85, 61.0, 13.96
1724327419, 84, 61.0, 13.96
1724327420, 84, 63.0, 13.96
1724327421, 84, 63.0, 14.2
1724327422, 84, 63.0, 14.2
1724327423, 84, 63.0, 14.2
1724327424, 83, 63.0, 14.2
1724327425, 83, 59.0, 14.2
1724327426, 83, 59.0, 14.2
1724327427, 83, 59.0, 14.07
1724327428, 83, 59.0, 14.07
1724327429, 84, 59.0, 14.26
1724327430, 84, 54.0, 14.26
1724327431, 84, 54.0, 14.26
1724327432, 84, 54.0, 14.26
1724327433, 86, 54.0, 14.26
1724327434, 89, 54.0, 14.26
1724327435, 90, 48.0, 14.26
1724327436, 91, 48.0, 14.26
1724327437, 88, 48.0, 14.26
1724327438, 83, 48.0, 14.2
1724327439, 77, 48.0, 14.2
1724327440, 77, 42.0, 14.2
1724327441, 78, 42.0, 14.2
1724327442, 79, 42.0, 14.2
1724327443, 80, 42.0, 14.2
1724327444, 81, 42.0, 14.2
1724327445, 85, 37.0, 14.2
1724327446, 86, 37.0, 14.2
1724327447, 87, 37.0, 14.2
1724327448, 87, 37.0, 14.2
1724327449, 87, 37.0, 14.2
1724327450, 88, 31.0, 14.1
1724327451, 89, 31.0, 14.1
1724327452, 89, 31.0, 14.1
1724327453, 89, 31.0, 14.1
1724327454, 89, 31.0, 14.1
1724327455, 90, 32.0, 14.1
1724327456, 90, 32.0, 14.1
1724327457, 90, 32.0, 14.1
1724327458, 91, 32.0, 14.03
1724327459, 91, 32.0, 14.03
1724327460, 92, 33.0, 14.03
1724327461, 92, 33.0, 14.03
1724327462, 92, 33.0, 14.03
1724327463, 91, 33.0, 14.03
1724327464, 91, 33.0, 14.03
1724327465, 91, 40.0, 14.03
1724327466, 90, 40.0, 13.98
1724327467, 89, 40.0, 13.98
1724327468, 87, 40.0, 13.98
1724327469, 85, 40.0, 13.98
1724327470, 84, 48.0, 13.98
1724327471, 83, 48.0, 13.98
1724327472, 83, 48.0, 13.98
1724327473, 83, 48.0, 13.98
1724327474, 84, 48.0, 13.98
1724327475, 84, 45.0, 13.98
1724327476, 85, 45.0, 12.57
1724327477, 86, 45.0, 12.57
1724327478, 86, 45.0, 12.57
1724327479, 87, 45.0, 12.57
1724327480, 88, 45.0, 12.57
1724327481, 88, 45.0, 12.57
1724327482, 87, 45.0, 12.08
1724327483, 86, 45.0, 12.08
1724327484, 87, 45.0, 12.08
1724327485, 88, 38.0, 12.08
1724327486, 88, 38.0, 12.24
1724327487, 88, 38.0, 12.24
1724327488, 87, 38.0, 12.24
1724327489, 87, 38.0, 12.24
1724327490, 86, 30.0, 12.24
1724327491, 84, 30.0, 12.38
1724327492, 85, 30.0, 12.38
1724327493, 86, 30.0, 12.38
1724327494, 86, 30.0, 12.36
1724327495, 84, 24.0, 12.36
1724327496, 83, 24.0, 12.36
1724327497, 82, 24.0, 12.46
1724327498, 82, 24.0, 12.46
1724327499, 81, 24.0, 12.46
1724327500, 81, 22.0, 12.46
1724327501, 82, 22.0, 12.62
1724327502, 81, 22.0, 12.77
1724327503, 81, 22.0, 12.77
1724327504, 81, 22.0, 12.77
1724327505, 81, 22.0, 13.0
1724327506, 81, 22.0, 13.0
1724327507, 81, 22.0, 13.0
1724327508, 81, 22.0, 17.03
1724327509, 81, 22.0, 17.03
1724327510, 81, 22.0, 17.03
1724327511, 81, 22.0, 17.03
1724327512, 79, 22.0, 18.04
1724327513, 80, 22.0, 18.58
1724327514, 80, 22.0, 18.58
1724327515, 82, 24.0, 18.58
1724327516, 85, 24.0, 18.58
1724327517, 87, 24.0, 18.58
1724327518, 87, 24.0, 18.5
1724327519, 87, 24.0, 18.5
1724327520, 86, 30.0, 18.6
1724327521, 83, 30.0, 18.6
1724327522, 81, 30.0, 18.6
1724327523, 81, 30.0, 18.6
1724327524, 82, 30.0, 18.6
1724327525, 83, 30.0, 18.53
1724327526, 84, 30.0, 18.53
1724327527, 84, 30.0, 18.53
1724327528, 83, 30.0, 18.53
1724327529, 83, 30.0, 18.53
1724327530, 83, 34.0, 18.53
1724327531, 82, 34.0, 18.53
1724327532, 82, 34.0, 18.53
1724327533, 82, 34.0, 18.45
1724327534, 82, 34.0, 18.45
1724327535, 82, 37.0, 18.45
1724327536, 82, 37.0, 18.45
1724327537, 82, 37.0, 18.45
1724327538, 83, 37.0, 18.34
1724327539, 84, 37.0, 18.34
1724327540, 85, 42.0, 18.34
1724327541, 85, 42.0, 18.34
1724327542, 85, 42.0, 18.34
1724327543, 87, 42.0, 18.34
1724327544, 87, 42.0, 18.29
1724327545, 87, 49.0, 18.29
1724327546, 87, 49.0, 18.29
1724327547, 87, 49.0, 18.29
1724327548, 87, 49.0, 17.71
1724327549, 85, 49.0, 17.71
1724327550, 85, 56.0, 17.77
1724327551, 84, 56.0, 17.77
1724327552, 84, 56.0, 17.77
1724327553, 84, 56.0, 17.77
1724327554, 84, 56.0, 17.77
1724327555, 84, 62.0, 17.71
1724327556, 85, 62.0, 17.71
1724327557, 85, 62.0, 17.71
1724327558, 86, 62.0, 17.71
1724327559, 87, 62.0, 17.71
1724327560, 87, 63.0, 17.71
1724327561, 87, 63.0, 17.71
1724327562, 87, 63.0, 17.54
1724327563, 88, 63.0, 17.54
1724327564, 88, 63.0, 17.54
1724327565, 88, 66.0, 17.54
1724327566, 89, 66.0, 17.54
1724327567, 89, 66.0, 17.54
1724327568, 89, 66.0, 17.54
1724327569, 89, 66.0, 17.39
1724327570, 89, 66.0, 17.39
1724327571, 88, 66.0, 17.52
1724327572, 88, 66.0, 17.52
1724327573, 88, 66.0, 17.52
1724327574, 88, 66.0, 17.52
1724327575, 87, 66.0, 17.52
1724327576, 87, 66.0, 17.52
1724327577, 86, 66.0, 17.4
1724327578, 85, 66.0, 17.4
1724327579, 85, 66.0, 17.4
1724327580, 84, 63.0, 17.5
1724327581, 85, 63.0, 17.5
1724327582, 86, 63.0, 17.5
1724327583, 88, 63.0, 17.5
1724327584, 90, 63.0, 17.5
1724327585, 91, 61.0, 17.5
1724327586, 92, 61.0, 17.44
1724327587, 91, 61.0, 17.44
1724327588, 91, 61.0, 17.46
1724327589, 90, 61.0, 17.46
1724327590, 90, 59.0, 17.46
1724327591, 90, 59.0, 17.46
1724327592, 92, 59.0, 17.46
1724327593, 93, 59.0, 17.46
1724327594, 98, 59.0, 17.46
1724327595, 99, 54.0, 17.46
1724327596, 98, 54.0, 17.46
1724327597, 98, 54.0, 17.39
1724327598, 97, 54.0, 17.39
1724327599, 92, 54.0, 17.39
1724327600, 90, 49.0, 17.31
1724327601, 87, 49.0, 17.31
1724327602, 88, 49.0, 17.31
1724327603, 88, 49.0, 17.43
1724327604, 88, 49.0, 17.43
1724327605, 88, 42.0, 17.43
1724327606, 87, 42.0, 17.43
1724327607, 86, 42.0, 17.43
1724327608, 85, 42.0, 17.43
1724327609, 86, 42.0, 17.43
1724327610, 85, 34.0, 17.31
1724327611, 80, 34.0, 17.31
1724327612, 78, 34.0, 17.35
1724327613, 78, 34.0, 17.35
1724327614, 77, 34.0, 17.35
1724327615, 78, 30.0, 17.35
1724327616, 78, 30.0, 17.33
1724327617, 78, 30.0, 17.33
1724327618, 78, 30.0, 17.33
1724327619, 77, 30.0, 17.38
1724327620, 77, 24.0, 17.38
1724327621, 76, 24.0, 17.38
1724327622, 76, 24.0, 17.54
1724327623, 77, 24.0, 17.54
1724327624, 78, 24.0, 17.54
1724327625, 82, 24.0, 17.54
1724327626, 83, 24.0, 17.41
1724327627, 84, 24.0, 17.41
1724327628, 84, 24.0, 17.41
1724327629, 83, 24.0, 17.41
1724327630, 82, 23.0, 17.41
1724327631, 80, 23.0, 17.32
1724327632, 80, 23.0, 17.32
1724327633, 81, 23.0, 17.44
1724327634, 82, 23.0, 17.44
1724327635, 84, 23.0, 17.44
1724327636, 86, 23.0, 17.44
1724327637, 87, 23.0, 17.44
1724327638, 87, 23.0, 17.44
1724327639, 85, 23.0, 17.44
1724327640, 86, 30.0, 17.44
1724327641, 86, 30.0, 17.44
1724327642, 86, 30.0, 17.44
1724327643, 86, 30.0, 17.44
1724327644, 87, 30.0, 17.44
1724327645, 87, 36.0, 17.24
1724327646, 89, 36.0, 17.24
1724327647, 88, 36.0, 17.24
1724327648, 88, 36.0, 17.23
1724327649, 88, 36.0, 17.23
1724327650, 88, 47.0, 17.23
1724327651, 88, 47.0, 17.23
1724327652, 87, 47.0, 17.23
1724327653, 87, 47.0, 17.23
1724327654, 88, 47.0, 17.08
1724327655, 87, 48.0, 17.08
1724327656, 87, 48.0, 17.08
1724327657, 87, 48.0, 17.08
1724327658, 87, 48.0, 17.08
1724327659, 86, 48.0, 17.18
1724327660, 86, 48.0, 17.18
1724327661, 86, 48.0, 17.18
1724327662, 85, 48.0, 17.18
1724327663, 85, 48.0, 17.01
1724327664, 84, 48.0, 17.01
1724327665, 84, 54.0, 17.11
1724327666, 83, 54.0, 17.11
1724327667, 81, 54.0, 17.11
1724327668, 81, 54.0, 17.11
1724327669, 80, 54.0, 17.11
1724327670, 79, 51.0, 17.11
1724327671, 79, 51.0, 16.96
1724327672, 79, 51.0, 16.96
1724327673, 79, 51.0, 16.96
1724327674, 79, 51.0, 16.96
1724327675, 80, 45.0, 16.96
1724327676, 80, 45.0, 16.96
1724327677, 80, 45.0, 16.75
1724327678, 80, 45.0, 16.75
1724327679, 80, 45.0, 16.75
1724327680, 80, 40.0, 16.75
1724327681, 80, 40.0, 16.77
1724327682, 80, 40.0, 16.77
1724327683, 80, 40.0, 16.87
1724327684, 80, 40.0, 16.87
1724327685, 80, 42.0, 16.87
1724327686, 80, 42.0, 16.87
1724327687, 79, 42.0, 16.87
1724327688, 79, 42.0, 16.87
1724327689, 78, 42.0, 16.87
1724327690, 79, 43.0, 16.87
1724327691, 79, 43.0, 16.87
1724327692, 80, 43.0, 16.87
1724327693, 80, 43.0, 16.87
1724327694, 80, 43.0, 16.56
1724327695, 81, 37.0, 16.56
1724327696, 81, 37.0, 16.56
1724327697, 81, 37.0, 16.56
1724327698, 81, 37.0, 16.44
1724327699, 80, 37.0, 16.44
1724327700, 81, 34.0, 16.44
1724327701, 84, 34.0, 16.44
1724327702, 85, 34.0, 16.44
1724327703, 85, 34.0, 16.57
1724327704, 85, 34.0, 16.57
1724327705, 85, 33.0, 16.57
1724327706, 85, 33.0, 16.57
1724327707, 85, 33.0, 16.57
1724327708, 85, 33.0, 16.57
1724327709, 87, 33.0, 16.57
1724327710, 87, 33.0, 16.57
1724327711, 86, 33.0, 16.44
1724327712, 85, 33.0, 16.44
1724327713, 85, 33.0, 16.44
1724327714, 85, 33.0, 16.44
1724327715, 84, 30.0, 16.44
1724327716, 83, 30.0, 16.44
1724327717, 83, 30.0, 16.44
1724327718, 83, 30.0, 16.44
1724327719, 83, 30.0, 16.44
1724327720, 83, 29.0, 16.44
1724327721, 83, 29.0, 16.44
1724327722, 83, 29.0, 16.25
1724327723, 83, 29.0, 16.25
1724327724, 84, 29.0, 16.25
1724327725, 83, 28.0, 16.25
1724327726, 83, 28.0, 16.25
1724327727, 83, 28.0, 16.25
1724327728, 83, 28.0, 16.25
1724327729, 83, 28.0, 16.25
1724327730, 84, 28.0, 16.25
1724327731, 88, 28.0, 16.25
1724327732, 85, 28.0, 16.25
1724327733, 83, 28.0, 16.25
1724327734, 84, 28.0, 16.25
1724327735, 86, 33.0, 16.25
1724327736, 88, 33.0, 16.08
1724327737, 90, 33.0, 16.08
1724327738, 90, 33.0, 16.08
1724327739, 90, 33.0, 16.08
1724327740, 90, 39.0, 16.08
1724327741, 89, 39.0, 16.08
1724327742, 88, 39.0, 16.08
1724327743, 86, 39.0, 16.08
1724327744, 85, 39.0, 16.08
1724327745, 85, 46.0, 16.08
1724327746, 85, 46.0, 16.08
1724327747, 84, 46.0, 16.08
1724327748, 82, 46.0, 16.08
1724327749, 82, 46.0, 15.9
1724327750, 82, 50.0, 16.0
1724327751, 81, 50.0, 16.0
1724327752, 81, 50.0, 16.0
1724327753, 80, 50.0, 16.05
1724327754, 81, 50.0, 16.05
1724327755, 81, 51.0, 16.05
1724327756, 81, 51.0, 16.11
1724327757, 81, 51.0, 16.11
1724327758, 82, 51.0, 16.11
1724327759, 82, 51.0, 16.23
1724327760, 83, 55.0, 16.23
1724327761, 84, 55.0, 16.23
1724327762, 84, 55.0, 18.24
1724327763, 83, 55.0, 18.24
1724327764, 81, 55.0, 18.24
1724327765, 80, 55.0, 18.12
1724327766, 80, 55.0, 18.12
1724327767, 80, 55.0, 18.12
1724327768, 80, 55.0, 18.16
1724327769, 80, 55.0, 18.16
1724327770, 81, 50.0, 18.16
1724327771, 82, 50.0, 18.16
1724327772, 83, 50.0, 18.16
1724327773, 86, 50.0, 18.43
1724327774, 90, 50.0, 18.43
1724327775, 93, 47.0, 18.43
1724327776, 94, 47.0, 18.43
1724327777, 95, 47.0, 18.43
1724327778, 95, 47.0, 18.23
1724327779, 95, 47.0, 18.23
1724327780, 97, 51.0, 18.23
1724327781, 98, 51.0, 18.35
1724327782, 97, 51.0, 18.35
1724327783, 96, 51.0, 18.35
1724327784, 94, 51.0, 18.35
1724327785, 93, 59.0, 18.35
1724327786, 92, 59.0, 18.28
1724327787, 89, 59.0, 18.28
1724327788, 84, 59.0, 18.28
1724327789, 82, 59.0, 18.26
1724327790, 82, 56.0, 18.26
1724327791, 82, 56.0, 18.26
1724327792, 82, 56.0, 18.26
1724327793, 82, 56.0, 18.26
1724327794, 83, 56.0, 18.2
1724327795, 83, 54.0, 18.2
1724327796, 84, 54.0, 18.2
1724327797, 84, 54.0, 18.2
1724327798, 84, 54.0, 18.2
1724327799, 84, 54.0, 18.2
1724327800, 84, 59.0, 18.2
1724327801, 84, 59.0, 18.09
1724327802, 83, 59.0, 18.09
1724327803, 83, 59.0, 18.09
1724327804, 83, 59.0, 18.15
1724327805, 81, 55.0, 18.15
1724327806, 81, 55.0, 18.15
1724327807, 81, 55.0, 18.15
1724327808, 81, 55.0, 18.15
1724327809, 81, 55.0, 18.15
1724327810, 81, 47.0, 18.15
1724327811, 81, 47.0, 18.15
1724327812, 81, 47.0, 18.15
1724327813, 81, 47.0, 17.9
1724327814, 82, 47.0, 17.9
1724327815, 82, 38.0, 17.9
1724327816, 82, 38.0, 17.9
1724327817, 82, 38.0, 17.9
1724327818, 84, 38.0, 17.9
1724327819, 87, 38.0, 17.9
1724327820, 88, 38.0, 17.66
1724327821, 87, 38.0, 17.66
1724327822, 87, 38.0, 17.66
1724327823, 86, 38.0, 17.66
1724327824, 86, 38.0, 17.74
1724327825, 86, 36.0, 17.74
1724327826, 87, 36.0, 17.74
1724327827, 88, 36.0, 17.74
1724327828, 88, 36.0, 17.74
1724327829, 90, 36.0, 17.74
1724327830, 90, 37.0, 17.74
1724327831, 90, 37.0, 17.74
1724327832, 90, 37.0, 17.74
1724327833, 89, 37.0, 17.74
1724327834, 88, 37.0, 17.64
1724327835, 85, 45.0, 17.64
1724327836, 83, 45.0, 17.64
1724327837, 81, 45.0, 17.64
1724327838, 80, 45.0, 17.64
1724327839, 80, 45.0, 17.64
1724327840, 80, 51.0, 17.64
1724327841, 80, 51.0, 17.64
1724327842, 81, 51.0, 17.64
1724327843, 81, 51.0, 17.64
1724327844, 82, 51.0, 17.64
1724327845, 81, 57.0, 17.64
1724327846, 82, 57.0, 17.52
1724327847, 81, 57.0, 17.52
1724327848, 82, 57.0, 17.52
1724327849, 82, 57.0, 17.52
1724327850, 81, 60.0, 17.52
1724327851, 81, 60.0, 17.52
1724327852, 81, 60.0, 17.52
1724327853, 80, 60.0, 17.52
1724327854, 77, 60.0, 17.52
1724327855, 75, 57.0, 17.52
1724327856, 76, 57.0, 17.52
1724327857, 76, 57.0, 17.52
1724327858, 77, 57.0, 17.52
1724327859, 77, 57.0, 17.39
1724327860, 78, 46.0, 17.39
1724327861, 79, 46.0, 17.39
1724327862, 80, 46.0, 17.31
1724327863, 80, 46.0, 17.31
1724327864, 80, 46.0, 17.31
1724327865, 82, 35.0, 17.4
1724327866, 82, 35.0, 17.4
1724327867, 82, 35.0, 17.4
1724327868, 82, 35.0, 17.4
1724327869, 82, 35.0, 17.4
1724327870, 81, 28.0, 17.4
1724327871, 81, 28.0, 17.4
1724327872, 81, 28.0, 17.4
1724327873, 81, 28.0, 17.4
1724327874, 81, 28.0, 17.23
1724327875, 81, 24.0, 17.23
1724327876, 81, 24.0, 17.23
1724327877, 80, 24.0, 17.23
1724327878, 80, 24.0, 17.23
1724327879, 79, 24.0, 17.23
1724327880, 80, 23.0, 17.23
1724327881, 80, 23.0, 17.23
1724327882, 80, 23.0, 17.04
1724327883, 81, 23.0, 17.04
1724327884, 81, 23.0, 17.04
1724327885, 84, 23.0, 17.04
1724327886, 85, 23.0, 17.04
1724327887, 86, 23.0, 17.04
1724327888, 87, 23.0, 16.85
1724327889, 87, 23.0, 16.85
1724327890, 87, 25.0, 16.93
1724327891, 87, 25.0, 16.93
1724327892, 86, 25.0, 16.93
1724327893, 84, 25.0, 16.93
1724327894, 83, 25.0, 16.93
1724327895, 84, 27.0, 16.93
1724327896, 84, 27.0, 16.82
1724327897, 83, 27.0, 16.82
1724327898, 83, 27.0, 16.82
1724327899, 80, 27.0, 16.72
1724327900, 80, 30.0, 16.72
1724327901, 80, 30.0, 16.72
1724327902, 80, 30.0, 16.72
1724327903, 80, 30.0, 16.72
1724327904, 80, 30.0, 16.72
1724327905, 81, 30.0, 16.47
1724327906, 83, 30.0, 16.47
1724327907, 84, 30.0, 16.47
1724327908, 84, 30.0, 16.47
1724327909, 84, 30.0, 16.4
1724327910, 84, 30.0, 16.4
1724327911, 85, 30.0, 16.4
1724327912, 87, 30.0, 16.4
1724327913, 91, 30.0, 16.28
1724327914, 93, 30.0, 16.28
1724327915, 93, 31.0, 16.28
1724327916, 94, 31.0, 16.49
1724327917, 97, 31.0, 16.49
1724327918, 98, 31.0, 16.49
1724327919, 99, 31.0, 16.51
1724327920, 100, 32.0, 16.51
1724327921, 100, 32.0, 16.73
1724327922, 100, 32.0, 16.73
1724327923, 95, 32.0, 16.73
1724327924, 88, 32.0, 16.74
1724327925, 87, 33.0, 16.74
1724327926, 86, 33.0, 16.74
1724327927, 86, 33.0, 16.74
1724327928, 86, 33.0, 16.86
1724327929, 87, 33.0, 17.09
1724327930, 87, 33.0, 17.09
1724327931, 87, 33.0, 17.09
1724327932, 87, 33.0, 17.41
1724327933, 87, 33.0, 17.41
1724327934, 88, 33.0, 17.41
1724327935, 88, 39.0, 17.41
1724327936, 88, 39.0, 17.41
1724327937, 88, 39.0, 17.41
1724327938, 88, 39.0, 17.29
1724327939, 88, 39.0, 17.29
1724327940, 87, 45.0, 17.29
1724327941, 76, 45.0, 17.16
1724327942, 74, 45.0, 17.16
1724327943, 68, 45.0, 17.16
1724327944, 68, 45.0, 17.16
1724327945, 72, 51.0, 17.08
1724327946, 74, 51.0, 17.08
1724327947, 78, 51.0, 17.08
1724327948, 83, 51.0, 17.08
1724327949, 87, 51.0, 17.08
1724327950, 87, NaN, 16.93
1724327951, 87, NaN, 16.93
1724327952, 87, NaN, 16.93
1724327953, 87, NaN, 17.01
1724327954, 87, NaN, 17.01
1724327955, 87, 61.0, 17.01
1724327956, 87, 61.0, 17.01
1724327957, 87, 61.0, 17.01
1724327958, 87, 61.0, 17.01
1724327959, 87, 61.0, 16.92
1724327960, 87, 68.0, 16.92
1724327961, 86, 68.0, 16.92
1724327962, 85, 68.0, 16.92
1724327963, 84, 68.0, 16.92
1724327964, 84, 68.0, 16.49
1724327965, 83, 67.0, 16.49
1724327966, 83, 67.0, 16.49
1724327967, 83, 67.0, 16.49
1724327968, 83, 67.0, 16.63
1724327969, 83, 67.0, 16.63
1724327970, 84, 64.0, 16.63
1724327971, 85, 64.0, 16.63
1724327972, 87, 64.0, 16.63
1724327973, 88, 64.0, 16.63
1724327974, 89, 64.0, 16.63
1724327975, 88, 57.0, 16.53
1724327976, 88, 57.0, 16.53
1724327977, 86, 57.0, 16.53
1724327978, 86, 57.0, 16.53
1724327979, 85, 57.0, 16.45
1724327980, 85, 51.0, 16.45
1724327981, 85, 51.0, 16.45
1724327982, 85, 51.0, 16.47
1724327983, 86, 51.0, 16.47
1724327984, 86, 51.0, 16.47
1724327985, 87, 51.0, 16.55
1724327986, 87, 51.0, 16.55
1724327987, 89, 51.0, 16.66
1724327988, 91, 51.0, 16.66
1724327989, 91, 51.0, 16.66
1724327990, 91, 45.0, 16.83
1724327991, 90, 45.0, 16.83
1724327992, 89, 45.0, 17.76
1724327993, 89, 45.0, 17.76
1724327994, 87, 45.0, 17.76
1724327995, 87, 40.0, 17.76
1724327996, 87, 40.0, 17.64
1724327997, 87, 40.0, 17.64
1724327998, 88, 40.0, 17.64
1724327999, 88, 40.0, 17.91
1724328000, 88, 36.0, 17.91
1724328001, 87, 36.0, 17.91
1724328002, 87, 36.0, 17.96
1724328003, 86, 36.0, 17.96
1724328004, 85, 36.0, 17.96
1724328005, 84, 36.0, 17.96
1724328006, 82, 36.0, 17.96
1724328007, 83, 36.0, 17.95
1724328008, 81, 36.0, 17.95
1724328009, 81, 36.0, 17.95
1724328010, 79, 37.0, 17.95
1724328011, 79, 37.0, 17.95
1724328012, 79, 37.0, 17.95
1724328013, 79, 37.0, 17.77
1724328014, 79, 37.0, 17.77
1724328015, 79, 32.0, 17.77
1724328016, 79, 32.0, 17.77
1724328017, 79, 32.0, 17.6
1724328018, 79, 32.0, 17.6
1724328019, 79, 32.0, 17.6
1724328020, 79, 31.0, 17.6
1724328021, 79, 31.0, 17.56
1724328022, 79, 31.0, 17.56
1724328023, 79, 31.0, 17.56
1724328024, 79, 31.0, 17.56
1724328025, 79, 30.0, 17.56
1724328026, 79, 30.0, 17.41
1724328027, 79, 30.0, 17.41
1724328028, 78, 30.0, 17.53
1724328029, 78, 30.0, 17.53
1724328030, 77, 31.0, 17.53
1724328031, 73, 31.0, 17.53
1724328032, 71, 31.0, 17.53
1724328033, 71, 31.0, 17.53
1724328034, 72, 31.0, 17.53
1724328035, 73, NaN, 17.38
1724328036, 74, NaN, 17.38
1724328037, 74, NaN, 17.38
1724328038, 74, NaN, 17.38
1724328039, 74, NaN, 17.38
1724328040, 74, NaN, 17.38
1724328041, 74, NaN, 17.22
1724328042, 74, NaN, 17.22
1724328043, 74, NaN, 17.22
1724328044, 74, NaN, 17.26
1724328045, 74, 25.0, 17.26
1724328046, 74, 25.0, 17.26
1724328047, 74, 25.0, 17.3
1724328048, 75, 25.0, 17.3
1724328049, 75, 25.0, 17.3
1724328050, 75, 25.0, 17.37
1724328051, 77, 25.0, 17.37
1724328052, 77, 25.0, 17.37
1724328053, 78, 25.0, 17.37
1724328054, 78, 25.0, 17.37
1724328055, 78, 24.0, 17.37
1724328056, 78, 24.0, 17.18
1724328057, 78, 24.0, 17.18
1724328058, 78, 24.0, 17.18
1724328059, 78, 24.0, 17.36
1724328060, 78, 24.0, 17.36
1724328061, 78, 24.0, 17.36
1724328062, 78, 24.0, 17.44
1724328063, 78, 24.0, 17.44
1724328064, 78, 24.0, 17.44
1724328065, 78, 25.0, 17.59
1724328066, 78, 25.0, 17.59
1724328067, 79, 25.0, 17.59
1724328068, 80, 25.0, 17.57
1724328069, 80, 25.0, 17.57
1724328070, 80, 26.0, 17.57
1724328071, 80, 26.0, 17.76
1724328072, 80, 26.0, 17.76
1724328073, 79, 26.0, 17.76
1724328074, 79, 26.0, 17.76
1724328075, 78, 31.0, 17.71
1724328076, 78, 31.0, 17.71
1724328077, 79, 31.0, 17.94
1724328078, 80, 31.0, 17.94
1724328079, 80, 31.0, 17.94
1724328080, 80, 31.0, 18.31
1724328081, 80, 31.0, 18.31
1724328082, 80, 31.0, 18.31
1724328083, 80, 31.0, 18.31
1724328084, 80, 31.0, 18.53
1724328085, 81, 32.0, 18.53
1724328086, 82, 32.0, 18.53
1724328087, 83, 32.0, 18.82
1724328088, 84, 32.0, 18.82
1724328089, 89, 32.0, 19.58
1724328090, 89, 32.0, 19.58
1724328091, 89, 32.0, 19.58
1724328092, 88, 32.0, 19.58
1724328093, 88, 32.0, 19.94
1724328094, 87, 32.0, 19.94
1724328095, 88, 32.0, 19.94
1724328096, 88, 32.0, 19.72
1724328097, 89, 32.0, 19.72
1724328098, 89, 32.0, 19.72
1724328099, 89, 32.0, 19.78
1724328100, 89, 39.0, 19.78
1724328101, 89, 39.0, 19.78
1724328102, 89, 39.0, 19.9
1724328103, 88, 39.0, 19.9
1724328104, 87, 39.0, 19.9
1724328105, 84, 40.0, 19.92
1724328106, 83, 40.0, 19.92
1724328107, 83, 40.0, 19.92
1724328108, 82, 40.0, 20.06
1724328109, 82, 40.0, 20.06
1724328110, 82, 42.0, 20.06
1724328111, 82, 42.0, 20.22
1724328112, 83, 42.0, 20.22
1724328113, 83, 42.0, 20.31
1724328114, 84, 42.0, 20.31
1724328115, 84, 45.0, 20.31
1724328116, 84, 45.0, 20.31
1724328117, 84, 45.0, 20.16
1724328118, 84, 45.0, 20.16
1724328119, 83, 45.0, 20.16
1724328120, 83, 50.0, 20.28
1724328121, 82, 50.0, 20.28
1724328122, 82, 50.0, 20.21
1724328123, 82, 50.0, 20.21
1724328124, 82, 50.0, 20.21
1724328125, 82, 54.0, 20.28
1724328126, 83, 54.0, 20.28
1724328127, 84, 54.0, 20.28
1724328128, 85, 54.0, 20.36
1724328129, 85, 54.0, 20.36
1724328130, 85, 51.0, 20.36
1724328131, 85, 51.0, 20.35
1724328132, 85, 51.0, 20.35
1724328133, 86, 51.0, 20.38
1724328134, 86, 51.0, 20.38
1724328135, 87, 54.0, 20.38
1724328136, 88, 54.0, 20.48
1724328137, 88, 54.0, 20.48
1724328138, 87, 54.0, 20.48
1724328139, 87, 54.0, 20.58
1724328140, 86, 58.0, 20.58
1724328141, 87, 58.0, 20.58
1724328142, 88, 58.0, 20.86
1724328143, 87, 58.0, 20.86
1724328144, 85, 58.0, 20.86
1724328145, 85, 56.0, 20.75
1724328146, 86, 56.0, 20.75
1724328147, 86, 56.0, 20.75
1724328148, 86, 56.0, 20.75
1724328149, 83, 56.0, 20.75
1724328150, 82, 51.0, 20.75
1724328151, 82, 51.0, 20.72
1724328152, 82, 51.0, 20.72
1724328153, 81, 51.0, 20.72
1724328154, 80, 51.0, 20.64
1724328155, 80, 47.0, 20.64
1724328156, 79, 47.0, 20.64
1724328157, 79, 47.0, 20.64
1724328158, 79, 47.0, 20.55
1724328159, 79, 47.0, 20.55
1724328160, 78, 44.0, 20.72
1724328161, 77, 44.0, 20.72
1724328162, 77, 44.0, 20.72
1724328163, 76, 44.0, 20.72
1724328164, 75, 44.0, 20.72
1724328165, 74, 39.0, 20.72
1724328166, 74, 39.0, 20.72
1724328167, 74, 39.0, 20.58
1724328168, 74, 39.0, 20.58
1724328169, 74, 39.0, 20.58
1724328170, 74, NaN, 20.58
1724328171, 74, NaN, 20.47
1724328172, 76, NaN, 20.47
1724328173, 77, NaN, 20.47
1724328174, 77, NaN, 20.47
1724328175, 78, 32.0, 20.47
1724328176, 79, 32.0, 20.47
1724328177, 79, 32.0, 20.38
1724328178, 80, 32.0, 20.38
1724328179, 80, 32.0, 20.38
1724328180, 80, 33.0, 20.32
1724328181, 80, 33.0, 20.32
1724328182, 80, 33.0, 20.32
1724328183, 80, 33.0, 20.32
1724328184, 80, 33.0, 20.32
