Timestamp, HR(bpm), Stress(ms), Resp(brpm)
1724082249, 79, 48.0, NaN
1724082250, 79, 48.0, NaN
1724082251, 79, 48.0, NaN
1724082252, 79, 48.0, NaN
1724082253, 80, 48.0, NaN
1724082254, 82, 48.0, NaN
1724082255, 87, 48.0, NaN
1724082256, 91, 48.0, NaN
1724082257, 93, 48.0, NaN
1724082258, 96, 48.0, NaN
1724082259, 97, 48.0, NaN
1724082260, 98, 48.0, NaN
1724082261, 98, 49.0, NaN
1724082262, 98, 49.0, NaN
1724082263, 98, 49.0, NaN
1724082264, 97, 49.0, NaN
1724082265, 96, 49.0, NaN
1724082266, 94, 51.0, 12.03
1724082267, 94, 51.0, 12.03
1724082268, 93, 51.0, 12.03
1724082269, 92, 51.0, 12.05
1724082270, 92, 51.0, 12.05
1724082271, 91, 59.0, 12.05
1724082272, 91, 59.0, 12.05
1724082273, 92, 59.0, 12.06
1724082274, 92, 59.0, 12.06
1724082275, 92, 59.0, 12.06
1724082276, 92, 60.0, 12.06
1724082277, 89, 60.0, 12.08
1724082278, 86, 60.0, 12.08
1724082279, 83, 60.0, 12.08
1724082280, 80, 60.0, 12.13
1724082281, 77, 61.0, 12.13
1724082282, 71, 61.0, 12.13
1724082283, 66, 61.0, 12.18
1724082284, 63, 61.0, 12.18
1724082285, 62, 61.0, 12.18
1724082286, 62, 54.0, 12.18
1724082287, 61, 54.0, 12.31
1724082288, 61, 54.0, 12.31
1724082289, 61, 54.0, 12.31
1724082290, 61, 54.0, 12.36
1724082291, 61, 34.0, 12.36
1724082292, 61, 34.0, 12.52
1724082293, 60, 34.0, 12.52
1724082294, 60, 34.0, 12.52
1724082295, 60, 34.0, 12.61
1724082296, 60, 21.0, 12.61
1724082297, 60, 21.0, 12.85
1724082298, 60, 21.0, 12.85
1724082299, 60, 21.0, 12.85
1724082300, 60, 21.0, 12.99
1724082301, 60, 14.0, 12.99
1724082302, 60, 14.0, 12.99
1724082303, 60, 14.0, 13.34
1724082304, 60, 14.0, 13.34
1724082305, 60, 14.0, 13.34
1724082306, 60, 9.0, 13.34
1724082307, 60, 9.0, 13.36
1724082308, 60, 9.0, 13.36
1724082309, 61, 9.0, 13.36
1724082310, 61, 9.0, 13.54
1724082311, 61, 3.0, 13.54
1724082312, 61, 3.0, 13.54
1724082313, 61, 3.0, 13.62
1724082314, 62, 3.0, 13.62
1724082315, 62, 3.0, 13.62
1724082316, 62, 4.0, 13.79
1724082317, 63, 4.0, 13.79
1724082318, 62, 4.0, 13.79
1724082319, 62, 4.0, 13.79
1724082320, 62, 4.0, 13.83
1724082321, 62, 4.0, 13.83
1724082322, 63, 4.0, 13.83
1724082323, 63, 4.0, 13.83
1724082324, 64, 4.0, 13.84
1724082325, 64, 4.0, 13.84
1724082326, 64, 4.0, 13.84
1724082327, 65, 4.0, 13.84
1724082328, 65, 4.0, 13.93
1724082329, 65, 4.0, 13.93
1724082330, 66, 4.0, 13.93
1724082331, 67, 7.0, 13.93
1724082332, 69, 7.0, 13.97
1724082333, 69, 7.0, 13.97
1724082334, 71, 7.0, 13.97
1724082335, 73, 7.0, 13.97
1724082336, 73, NaN, 13.97
1724082337, 73, NaN, 13.69
1724082338, 73, NaN, 13.69
1724082339, 73, NaN, 13.69
1724082340, 74, NaN, 13.69
1724082341, 74, NaN, 13.69
1724082342, 75, NaN, 13.44
1724082343, 75, NaN, 13.44
1724082344, 75, NaN, 13.44
1724082345, 76, NaN, 13.65
1724082346, 76, NaN, 13.65
1724082347, 77, NaN, 13.65
1724082348, 78, NaN, 13.8
1724082349, 78, NaN, 13.8
1724082350, 79, NaN, 13.91
1724082351, 81, NaN, 13.91
1724082352, 81, NaN, 13.91
1724082353, 81, NaN, 13.91
1724082354, 81, NaN, 13.91
1724082355, 80, NaN, 13.91
1724082356, 78, 23.0, 13.91
1724082357, 78, 23.0, 13.94
1724082358, 78, 23.0, 13.94
1724082359, 77, 23.0, 13.94
1724082360, 76, 23.0, 13.94
1724082361, 75, 44.0, 13.88
1724082362, 75, 44.0, 13.88
1724082363, 75, 44.0, 13.88
1724082364, 74, 44.0, 13.88
1724082365, 74, 44.0, 13.88
1724082366, 74, NaN, 13.88
1724082367, 74, NaN, 13.88
1724082368, 74, NaN, 13.88
1724082369, 74, NaN, 13.87
1724082370, 74, NaN, 13.9
1724082371, 74, NaN, 13.9
1724082372, 75, NaN, 13.9
1724082373, 75, NaN, 13.9
1724082374, 75, NaN, 13.9
1724082375, 75, NaN, 13.9
1724082376, 74, NaN, 13.9
1724082377, 74, NaN, 13.9
1724082378, 74, NaN, 13.9
1724082379, 74, NaN, 13.9
1724082380, 74, NaN, NaN
1724082387, 72, NaN, 13.9
1724082388, 73, NaN, 13.72
1724082389, 74, NaN, 13.72
1724082390, 74, NaN, 13.72
1724082391, 72, NaN, 13.79
1724082392, 73, NaN, 13.79
1724082393, 76, NaN, 13.79
1724082394, 76, NaN, 13.79
1724082395, 75, NaN, 13.81
1724082396, 74, NaN, 13.81
1724082397, 73, NaN, 13.91
1724082398, 73, NaN, 13.91
1724082399, 72, NaN, 13.91
1724082400, 71, NaN, 14.0
1724082401, 71, NaN, 14.0
1724082402, 71, NaN, 14.0
1724082403, 71, NaN, 14.0
1724082404, 71, NaN, 14.04
1724082405, 71, NaN, 14.04
1724082406, 71, NaN, 14.04
1724082407, 72, NaN, 14.04
1724082408, 73, NaN, 14.03
1724082409, 74, NaN, 14.03
1724082410, 75, NaN, 14.03
1724082411, 75, NaN, 14.15
1724082412, 75, NaN, 14.15
1724082413, 75, NaN, 14.15
1724082414, 75, NaN, 14.39
1724082415, 75, NaN, 14.39
1724082416, 75, NaN, 14.66
1724082417, 75, NaN, 14.66
1724082418, 75, NaN, 14.66
1724082419, 76, NaN, 14.66
1724082420, 76, NaN, 14.74
1724082421, 76, NaN, 14.74
1724082422, 77, NaN, 15.24
1724082423, 80, NaN, 15.24
1724082424, 83, NaN, 15.24
1724082425, 83, NaN, 15.24
1724082426, 83, 30.0, 15.24
1724082427, 82, 30.0, 15.24
1724082428, 82, 30.0, 15.24
1724082429, 82, 30.0, 15.42
1724082430, 81, 30.0, 15.42
1724082431, 80, 40.0, 15.42
1724082432, 79, 40.0, 15.42
1724082433, 78, 40.0, 15.42
1724082434, 76, 40.0, 15.42
1724082435, 75, 40.0, 15.42
1724082436, 74, 38.0, 15.27
1724082437, 74, 38.0, 15.27
1724082438, 76, 38.0, 15.27
1724082439, 77, 38.0, 15.27
1724082440, 74, 38.0, 15.27
1724082441, 73, NaN, 15.27
1724082442, 73, NaN, 15.18
1724082443, 72, NaN, 15.18
1724082444, 72, NaN, 15.18
1724082445, 73, NaN, 15.18
1724082446, 73, NaN, 15.25
1724082447, 74, NaN, 15.25
1724082448, 75, NaN, 15.38
1724082449, 76, NaN, 15.38
1724082450, 79, NaN, 15.38
1724082451, 80, NaN, 15.49
1724082452, 82, NaN, 15.49
1724082453, 83, NaN, 15.63
1724082454, 83, NaN, 15.63
1724082455, 83, NaN, 15.63
1724082456, 83, 39.0, 16.36
1724082457, 84, 39.0, 16.36
1724082458, 83, 39.0, 16.36
1724082459, 83, 39.0, 16.36
1724082460, 82, 39.0, 16.36
1724082461, 82, 39.0, 16.36
1724082462, 80, 39.0, 16.25
1724082463, 80, 39.0, 16.25
1724082464, 80, 39.0, 16.25
1724082465, 80, 39.0, 16.25
1724082466, 80, 41.0, 16.25
1724082467, 81, 41.0, 16.21
1724082468, 82, 41.0, 16.21
1724082469, 84, 41.0, 16.21
1724082470, 87, 41.0, 16.21
1724082471, 87, 48.0, 16.21
1724082472, 88, 48.0, 16.21
1724082473, 88, 48.0, 16.12
1724082474, 87, 48.0, 16.12
1724082475, 87, 48.0, 16.12
1724082476, 87, 51.0, 16.18
1724082477, 87, 51.0, 16.18
1724082478, 87, 51.0, 16.18
1724082479, 88, 51.0, 16.31
1724082480, 88, 51.0, 16.31
1724082481, 88, 54.0, 16.41
1724082482, 88, 54.0, 16.41
1724082483, 87, 54.0, 16.41
1724082484, 87, 54.0, 16.46
1724082485, 87, 54.0, 16.46
1724082486, 87, 60.0, 16.46
1724082487, 88, 60.0, 16.46
1724082488, 88, 60.0, 16.47
1724082489, 88, 60.0, 16.47
1724082490, 88, 60.0, 16.83
1724082491, 88, 63.0, 16.83
1724082492, 88, 63.0, 17.13
1724082493, 88, 63.0, 17.13
1724082494, 88, 63.0, 17.13
1724082495, 87, 63.0, 17.18
1724082496, 87, 69.0, 17.18
1724082497, 86, 69.0, 17.18
1724082498, 86, 69.0, 17.21
1724082499, 85, 69.0, 17.21
1724082500, 84, 69.0, 17.21
1724082501, 84, 68.0, 17.21
1724082502, 84, 68.0, 17.21
1724082503, 84, 68.0, 17.21
1724082504, 84, 68.0, 17.16
1724082505, 84, 68.0, 17.16
1724082506, 83, 67.0, 17.16
1724082507, 83, 67.0, 17.16
1724082508, 83, 67.0, 17.16
1724082509, 82, 67.0, 17.16
1724082510, 81, 67.0, 17.16
1724082511, 80, 65.0, 17.16
1724082512, 80, 65.0, 17.05
1724082513, 80, 65.0, 17.02
1724082514, 80, 65.0, 17.02
1724082515, 80, 65.0, 17.02
1724082516, 79, 60.0, 17.02
1724082517, 80, 60.0, 17.02
1724082518, 80, 60.0, 17.02
1724082519, 81, 60.0, 17.02
1724082520, 81, 60.0, 17.02
1724082521, 81, 54.0, 17.02
1724082522, 82, 54.0, 17.02
1724082523, 82, 54.0, 17.02
1724082524, 82, 54.0, 16.71
1724082525, 82, 54.0, 16.71
1724082526, 82, 51.0, 16.71
1724082527, 82, 51.0, 16.71
1724082528, 83, 51.0, 16.71
1724082529, 83, 51.0, 16.72
1724082530, 83, 51.0, 16.72
1724082531, 83, 48.0, 16.73
1724082532, 83, 48.0, 16.73
1724082533, 82, 48.0, 16.73
1724082534, 83, 48.0, 16.73
1724082535, 83, 48.0, 16.73
1724082536, 84, 48.0, 16.58
1724082537, 85, 48.0, 16.58
1724082538, 86, 48.0, 16.58
1724082539, 87, 48.0, 16.69
1724082540, 87, 48.0, 16.69
1724082541, 87, 43.0, 16.94
1724082542, 88, 43.0, 16.94
1724082543, 89, 43.0, 17.14
1724082544, 89, 43.0, 17.14
1724082545, 89, 43.0, 17.14
1724082546, 88, 42.0, 17.14
1724082547, 90, 42.0, 17.11
1724082548, 91, 42.0, 17.11
1724082549, 93, 42.0, 17.11
1724082550, 95, 42.0, 17.11
1724082551, 96, 42.0, 17.11
1724082552, 97, 42.0, 17.11
1724082553, 98, 42.0, 17.44
1724082554, 98, 42.0, 17.44
1724082555, 98, 42.0, 17.44
1724082556, 98, 39.0, 17.44
1724082557, 98, 39.0, 17.44
1724082558, 97, 39.0, 17.44
1724082559, 98, 39.0, 17.44
1724082560, 99, 39.0, 17.44
1724082561, 100, 39.0, 17.44
1724082562, 100, 39.0, 17.44
1724082563, 100, 39.0, 17.44
1724082564, 100, 39.0, 17.29
1724082565, 100, 39.0, 17.29
1724082566, 99, 43.0, 17.29
1724082567, 99, 43.0, 17.29
1724082568, 98, 43.0, 17.29
1724082569, 94, 43.0, 17.33
1724082570, 92, 43.0, 17.28
1724082571, 92, 52.0, 17.28
1724082572, 91, 52.0, 17.28
1724082573, 91, 52.0, 17.28
1724082574, 90, 52.0, 17.28
1724082575, 89, 52.0, 17.28
1724082576, 86, 59.0, 17.4
1724082577, 85, 59.0, 17.4
1724082578, 85, 59.0, 17.4
1724082579, 85, 59.0, 17.4
1724082580, 85, 59.0, 17.4
1724082581, 84, 61.0, 17.44
1724082582, 81, 61.0, 17.44
1724082583, 76, 61.0, 17.44
1724082584, 72, 61.0, 17.44
1724082585, 70, 61.0, 17.44
1724082586, 70, 63.0, 17.44
1724082587, 70, 63.0, 17.44
1724082588, 70, 63.0, 17.26
1724082589, 70, 63.0, 17.26
1724082590, 70, 63.0, 17.34
1724082591, 70, 61.0, 17.34
1724082592, 70, 61.0, 17.34
1724082593, 70, 61.0, 17.34
1724082594, 70, 61.0, 17.34
1724082595, 69, 61.0, 17.34
1724082596, 70, 51.0, 17.3
1724082597, 70, 51.0, 17.3
1724082598, 71, 51.0, 17.3
1724082599, 71, 51.0, 17.3
1724082600, 72, 51.0, 17.3
1724082601, 73, 42.0, 17.3
1724082602, 74, 42.0, 17.12
1724082603, 74, 42.0, 17.12
1724082604, 74, 42.0, 17.12
1724082605, 76, 42.0, 17.12
1724082606, 84, 30.0, 17.05
1724082607, 84, 30.0, 17.05
1724082608, 84, 30.0, 17.22
1724082609, 84, 30.0, 17.22
1724082610, 83, 30.0, 17.22
1724082611, 82, 25.0, 17.25
1724082612, 81, 25.0, 17.25
1724082613, 80, 25.0, 17.37
1724082614, 79, 25.0, 17.37
1724082615, 79, 25.0, 17.37
1724082616, 79, 25.0, 17.37
1724082617, 78, 25.0, 17.37
1724082618, 77, 25.0, 17.4
1724082619, 77, 25.0, 17.4
1724082620, 76, 25.0, 17.77
1724082621, 75, 25.0, 17.77
1724082622, 74, 25.0, 18.33
1724082623, 73, 25.0, 18.33
1724082624, 71, 25.0, 18.33
1724082625, 66, 25.0, 19.03
1724082626, 64, NaN, 19.03
1724082627, 62, NaN, 19.55
1724082628, 61, NaN, 19.55
1724082629, 61, NaN, 19.55
1724082630, 62, NaN, 21.45
1724082631, 62, 20.0, 21.45
1724082632, 63, 20.0, 21.45
1724082633, 63, 20.0, 21.45
1724082634, 63, 20.0, 21.28
1724082635, 64, 20.0, 21.28
1724082636, 66, 17.0, 21.37
1724082637, 69, 17.0, 21.37
1724082638, 71, 17.0, 21.37
1724082639, 74, 17.0, 21.35
1724082640, 75, 17.0, 21.35
1724082641, 75, 16.0, 21.35
1724082642, 73, 16.0, 21.35
1724082643, 73, 16.0, 21.35
1724082644, 71, 16.0, 21.35
1724082645, 69, 16.0, 21.35
1724082646, 68, 12.0, 21.22
1724082647, 67, 12.0, 21.22
1724082648, 66, 12.0, 21.22
1724082649, 66, 12.0, 21.22
1724082650, 66, 12.0, 21.15
1724082651, 66, 9.0, 21.15
1724082652, 66, 9.0, 21.18
1724082653, 66, 9.0, 21.18
1724082654, 66, 9.0, 21.2
1724082655, 66, 9.0, 21.2
1724082656, 67, 10.0, 21.2
1724082657, 68, 10.0, 21.23
1724082658, 69, 10.0, 21.23
1724082659, 69, 10.0, 21.3
1724082660, 70, 10.0, 21.3
1724082661, 70, 12.0, 21.3
1724082662, 71, 12.0, 21.3
1724082663, 71, 12.0, 21.08
1724082664, 71, 12.0, 21.08
1724082665, 71, 12.0, 21.08
1724082666, 71, 14.0, 21.25
1724082667, 73, 14.0, 21.25
1724082668, 73, 14.0, 21.25
1724082669, 73, 14.0, 21.2
1724082670, 74, 14.0, 21.2
1724082671, 75, 15.0, 21.2
1724082672, 76, 15.0, 21.2
1724082673, 77, 15.0, 21.2
1724082674, 78, 15.0, 21.04
1724082675, 78, 15.0, 21.04
1724082676, 79, 15.0, 21.04
1724082677, 79, 15.0, 21.09
1724082678, 79, 15.0, 21.09
1724082679, 79, 15.0, 21.09
1724082680, 78, 15.0, 21.06
1724082681, 78, 18.0, 21.06
1724082682, 78, 18.0, 21.13
1724082683, 76, 18.0, 21.13
1724082684, 70, 18.0, 21.13
1724082685, 68, 18.0, 21.13
1724082686, 67, NaN, 21.13
1724082687, 64, NaN, 21.13
1724082688, 63, NaN, 21.03
1724082689, 61, NaN, 21.03
1724082690, 61, NaN, 21.03
1724082691, 62, 16.0, 21.08
1724082692, 63, 16.0, 21.08
1724082693, 64, 16.0, 21.08
1724082694, 65, 16.0, 21.08
1724082695, 65, 16.0, 21.0
1724082696, 66, 15.0, 21.0
1724082697, 66, 15.0, 21.03
1724082698, 67, 15.0, 21.03
1724082699, 68, 15.0, 21.03
1724082700, 68, 15.0, 21.03
1724082701, 69, 14.0, 20.94
1724082702, 69, 14.0, 20.94
1724082703, 69, 14.0, 20.94
1724082704, 69, 14.0, 20.94
1724082705, 70, 14.0, 20.84
1724082706, 72, 12.0, 20.84
1724082707, 73, 12.0, 20.84
1724082708, 73, 12.0, 20.84
1724082709, 73, 12.0, 20.84
1724082710, 74, 12.0, 20.84
1724082711, 74, 10.0, 20.84
1724082712, 74, 10.0, 20.59
1724082713, 74, 10.0, 20.59
1724082714, 74, 10.0, 20.59
1724082715, 76, 10.0, 20.55
1724082716, 73, 11.0, 20.55
1724082717, 76, 11.0, 20.55
1724082718, 77, 11.0, 20.55
1724082719, 75, 11.0, 20.36
1724082720, 73, 11.0, 20.36
1724082721, 72, 14.0, 20.36
1724082722, 70, 14.0, 20.16
1724082723, 69, 14.0, 20.16
1724082724, 68, 14.0, 20.16
1724082725, 68, 14.0, 20.26
1724082726, 68, 17.0, 20.26
1724082727, 68, 17.0, 20.26
1724082728, 69, 17.0, 20.26
1724082729, 69, 17.0, 20.26
1724082730, 69, 17.0, 20.26
1724082731, 68, 19.0, 20.1
1724082732, 67, 19.0, 20.1
1724082733, 67, 19.0, 19.93
1724082734, 67, 19.0, 19.93
1724082735, 67, 19.0, 19.93
1724082736, 67, 21.0, 19.92
1724082737, 66, 21.0, 19.92
1724082738, 66, 21.0, 19.92
1724082739, 68, 21.0, 19.92
1724082740, 70, 21.0, 19.79
1724082741, 72, 22.0, 19.79
1724082742, 70, 22.0, 19.79
1724082743, 65, 22.0, 19.69
1724082744, 65, 22.0, 19.69
1724082745, 62, 22.0, 19.69
1724082746, 59, 22.0, 19.34
1724082747, 57, 22.0, 19.34
1724082748, 58, 22.0, 19.34
1724082749, 59, 22.0, 19.34
1724082750, 56, 22.0, 19.27
1724082751, 56, 21.0, 19.27
1724082752, 54, 21.0, 19.27
1724082753, 51, 21.0, 19.27
1724082754, 49, 21.0, 19.31
1724082755, 49, 21.0, 19.31
1724082756, 49, 19.0, 19.58
1724082757, 49, 19.0, 19.58
1724082758, 49, 19.0, 19.79
1724082759, 49, 19.0, 19.79
1724082760, 49, 19.0, 19.79
1724082761, 49, 16.0, 19.8
1724082762, 49, 16.0, 19.8
1724082763, 50, 16.0, 19.8
1724082764, 52, 16.0, 19.8
1724082765, 53, 16.0, 20.04
1724082766, 54, 12.0, 20.04
1724082767, 54, 12.0, 20.04
1724082768, 54, 12.0, 19.9
1724082769, 54, 12.0, 19.9
1724082770, 55, 12.0, 19.9
1724082771, 57, 8.0, 19.92
1724082772, 60, 8.0, 19.92
1724082773, 63, 8.0, 19.92
1724082774, 65, 8.0, 19.95
1724082775, 66, 8.0, 19.95
1724082776, 67, 5.0, 19.95
1724082777, 69, 5.0, 20.06
1724082778, 70, 5.0, 20.06
1724082779, 70, 5.0, 20.06
1724082780, 71, 5.0, 20.06
1724082781, 72, NaN, 20.06
1724082782, 73, NaN, 20.06
1724082783, 74, NaN, 19.95
1724082784, 73, NaN, 19.95
1724082785, 73, NaN, 20.0
1724082786, 72, NaN, 20.0
1724082787, 72, NaN, 20.0
1724082788, 72, NaN, 19.97
1724082789, 72, NaN, 19.97
1724082790, 72, NaN, 19.97
1724082791, 72, 1.0, 20.04
1724082792, 72, 1.0, 20.04
1724082793, 74, 1.0, 20.04
1724082794, 75, 1.0, 19.97
1724082795, 76, 1.0, 19.97
1724082796, 77, NaN, 19.97
1724082797, 79, NaN, 20.03
1724082798, 81, NaN, 20.03
1724082799, 81, NaN, 20.03
1724082800, 82, NaN, 20.08
1724082801, 83, 12.0, 20.08
1724082802, 83, 12.0, 20.16
1724082803, 82, 12.0, 20.16
1724082804, 81, 12.0, 20.16
1724082805, 80, 12.0, 20.16
1724082806, 80, 23.0, 20.16
1724082807, 79, 23.0, 20.15
1724082808, 78, 23.0, 20.15
1724082809, 78, 23.0, 20.15
1724082810, 78, 23.0, 19.94
1724082811, 78, 27.0, 19.94
1724082812, 79, 27.0, 19.94
1724082813, 80, 27.0, 19.94
1724082814, 83, 27.0, 19.8
1724082815, 85, 27.0, 19.8
1724082816, 86, 27.0, 19.8
1724082817, 86, 27.0, 19.8
1724082818, 83, 27.0, 19.68
1724082819, 83, 27.0, 19.68
1724082820, 82, 27.0, 19.68
1724082821, 82, 42.0, 19.74
1724082822, 82, 42.0, 19.74
1724082823, 82, 42.0, 19.74
1724082824, 81, 42.0, 19.74
1724082825, 80, 42.0, 19.74
1724082826, 80, 33.0, 19.38
1724082827, 79, 33.0, 19.38
1724082828, 79, 33.0, 19.5
1724082829, 80, 33.0, 19.5
1724082830, 81, 33.0, 19.5
1724082831, 82, 29.0, 19.5
1724082832, 82, 29.0, 19.5
1724082833, 82, 29.0, 19.5
1724082834, 81, 29.0, 19.38
1724082835, 80, 29.0, 19.38
1724082836, 80, 25.0, 19.38
1724082837, 79, 25.0, 19.38
1724082838, 80, 25.0, 19.38
1724082839, 80, 25.0, 19.41
1724082840, 80, 25.0, 19.41
1724082841, 81, 24.0, 19.41
1724082842, 81, 24.0, 19.36
1724082843, 80, 24.0, 19.36
1724082844, 81, 24.0, 19.36
1724082845, 82, 24.0, 19.36
1724082846, 83, 26.0, 19.36
1724082847, 84, 26.0, 19.36
1724082848, 85, 26.0, 19.36
1724082849, 85, 26.0, 19.36
1724082850, 84, 26.0, 19.23
1724082851, 85, 25.0, 19.23
1724082852, 86, 25.0, 19.31
1724082853, 86, 25.0, 19.31
1724082854, 87, 25.0, 19.31
1724082855, 88, 25.0, 19.31
1724082856, 88, 33.0, 19.31
1724082857, 89, 33.0, 19.31
1724082858, 89, 33.0, 19.31
1724082859, 89, 33.0, 19.31
1724082860, 89, 33.0, 19.31
1724082861, 89, 36.0, 19.31
1724082862, 89, 36.0, 19.31
1724082863, 89, 36.0, 19.31
1724082864, 89, 36.0, 19.31
1724082865, 89, 36.0, 19.31
1724082866, 88, 41.0, 19.21
1724082867, 87, 41.0, 19.21
1724082868, 87, 41.0, 19.21
1724082869, 85, 41.0, 19.2
1724082870, 85, 41.0, 19.2
1724082871, 84, 45.0, 19.2
1724082872, 83, 45.0, 19.2
1724082873, 83, 45.0, 19.18
1724082874, 83, 45.0, 19.18
1724082875, 83, 45.0, 19.18
1724082876, 84, 48.0, 19.15
1724082877, 84, 48.0, 19.15
1724082878, 85, 48.0, 19.15
1724082879, 85, 48.0, 19.15
1724082880, 85, 48.0, 19.07
1724082881, 84, 54.0, 19.07
1724082882, 85, 54.0, 19.07
1724082883, 85, 54.0, 19.39
1724082884, 83, 54.0, 19.39
1724082885, 85, 54.0, 19.62
1724082886, 88, 56.0, 19.62
1724082887, 91, 56.0, 19.62
1724082888, 92, 56.0, 19.76
1724082889, 94, 56.0, 19.76
1724082890, 94, 56.0, 19.76
1724082891, 95, 58.0, 19.63
1724082892, 95, 58.0, 19.63
1724082893, 93, 58.0, 19.91
1724082894, 93, 58.0, 19.91
1724082895, 91, 58.0, 19.91
1724082896, 88, 60.0, 19.95
1724082897, 87, 60.0, 19.95
1724082898, 88, 60.0, 19.95
1724082899, 87, 60.0, 20.2
1724082900, 87, 60.0, 20.2
1724082901, 87, 60.0, 20.2
1724082902, 86, 60.0, 20.18
1724082903, 86, 60.0, 20.18
1724082904, 89, 60.0, 20.18
1724082905, 90, 60.0, 20.19
1724082906, 91, 58.0, 20.19
1724082907, 91, 58.0, 20.3
1724082908, 89, 58.0, 20.3
1724082909, 88, 58.0, 20.3
1724082910, 88, 58.0, 20.48
1724082911, 85, 55.0, 20.48
1724082912, 72, 55.0, 20.48
1724082913, 69, 55.0, 20.48
1724082914, 69, 55.0, 20.48
1724082915, 70, 55.0, 20.48
1724082916, 71, 48.0, 20.26
1724082917, 71, 48.0, 20.26
1724082918, 71, 48.0, 20.26
1724082919, 70, 48.0, 20.26
1724082920, 70, 48.0, 20.22
1724082921, 70, 39.0, 20.22
1724082922, 69, 39.0, 20.22
1724082923, 68, 39.0, 20.22
1724082924, 68, 39.0, 20.22
1724082925, 68, 39.0, 20.08
1724082926, 68, 30.0, 20.08
1724082927, 67, 30.0, 20.08
1724082928, 67, 30.0, 20.08
1724082929, 66, 30.0, 20.08
1724082930, 66, 30.0, 19.96
1724082931, 66, 24.0, 19.96
1724082932, 66, 24.0, 19.96
1724082933, 66, 24.0, 19.91
1724082934, 66, 24.0, 19.91
1724082935, 66, 24.0, 19.91
1724082936, 67, 21.0, 19.91
1724082937, 68, 21.0, 19.58
1724082938, 68, 21.0, 19.58
1724082939, 71, 21.0, 19.58
1724082940, 80, 21.0, 19.56
1724082941, 89, 19.0, 19.56
1724082942, 93, 19.0, 19.7
1724082943, 95, 19.0, 19.7
1724082944, 99, 19.0, 19.7
1724082945, 100, 19.0, 19.7
1724082946, 100, 23.0, 19.7
1724082947, 100, 23.0, 19.7
1724082948, 100, 23.0, 19.7
1724082949, 100, 23.0, 19.43
1724082950, 100, 23.0, 19.43
1724082951, 100, 33.0, 19.43
1724082952, 99, 33.0, 19.43
1724082953, 99, 33.0, 19.43
1724082954, 99, 33.0, 19.43
1724082955, 99, 33.0, 19.43
1724082956, 97, 45.0, 19.22
1724082957, 97, 45.0, 19.22
1724082958, 97, 45.0, 19.29
1724082959, 97, 45.0, 19.29
1724082960, 98, 45.0, 19.34
1724082961, 99, 57.0, 19.34
1724082962, 99, 57.0, 19.34
1724082963, 99, 57.0, 19.34
1724082964, 100, 57.0, 19.34
1724082965, 100, 57.0, 19.26
1724082966, 101, 69.0, 19.26
1724082967, 101, 69.0, 19.26
1724082968, 101, 69.0, 19.26
1724082969, 101, 69.0, 19.2
1724082970, 100, 69.0, 19.2
1724082971, 100, 82.0, 19.2
1724082972, 99, 82.0, 19.27
1724082973, 99, 82.0, 19.27
1724082974, 99, 82.0, 19.41
1724082975, 99, 82.0, 19.41
1724082976, 99, 81.0, 19.41
1724082977, 99, 81.0, 19.51
1724082978, 98, 81.0, 19.51
1724082979, 98, 81.0, 19.8
1724082980, 99, 81.0, 19.8
1724082981, 99, 81.0, 19.8
1724082982, 99, 81.0, 19.8
1724082983, 99, 81.0, 19.64
1724082984, 99, 81.0, 19.64
1724082985, 99, 81.0, 19.64
1724082986, 99, 81.0, 19.64
1724082987, 99, 81.0, 19.64
1724082988, 99, 81.0, 19.64
1724082989, 98, 81.0, 19.48
1724082990, 98, 81.0, 19.48
1724082991, 97, 80.0, 19.48
1724082992, 97, 80.0, 19.48
1724082993, 96, 80.0, 19.48
1724082994, 96, 80.0, 19.48
1724082995, 95, 80.0, 19.48
1724082996, 92, 81.0, 19.48
1724082997, 89, 81.0, 19.34
1724082998, 85, 81.0, 19.34
1724082999, 84, 81.0, 19.34
1724083000, 83, 81.0, 19.34
1724083001, 80, 79.0, 19.34
1724083002, 78, 79.0, 19.09
1724083003, 76, 79.0, 19.09
1724083004, 75, 79.0, 19.15
1724083005, 74, 79.0, 19.15
1724083006, 73, 75.0, 19.15
1724083007, 73, 75.0, 19.15
1724083008, 73, 75.0, 19.09
1724083009, 73, 75.0, 19.09
1724083010, 73, 75.0, 19.09
1724083011, 74, NaN, 18.88
1724083012, 74, NaN, 18.88
1724083013, 74, NaN, 18.88
1724083014, 72, NaN, 19.07
1724083015, 72, NaN, 19.07
1724083016, 71, NaN, 19.07
1724083017, 71, NaN, 19.26
1724083018, 70, NaN, 19.26
1724083019, 70, NaN, 19.44
1724083020, 70, NaN, 19.44
1724083021, 70, NaN, 19.62
1724083022, 70, NaN, 19.62
1724083023, 70, NaN, 19.62
1724083024, 70, NaN, 19.62
1724083025, 69, NaN, 19.47
1724083026, 69, NaN, 19.47
1724083027, 69, NaN, 19.73
1724083028, 69, NaN, 19.73
1724083029, 70, NaN, 19.73
1724083030, 70, NaN, 19.85
1724083031, 70, 30.0, 19.85
1724083032, 70, 30.0, 19.85
1724083033, 71, 30.0, 19.85
1724083034, 71, 30.0, 19.85
1724083035, 71, 30.0, 19.67
1724083036, 72, 13.0, 19.67
1724083037, 73, 13.0, 19.67
1724083038, 73, 13.0, 19.59
1724083039, 74, 13.0, 19.59
1724083040, 74, 13.0, 19.59
1724083041, 74, 13.0, 19.64
1724083042, 74, 13.0, 19.64
1724083043, 74, 13.0, 19.64
1724083044, 74, 13.0, 19.77
1724083045, 74, 13.0, 19.77
1724083046, 74, 16.0, 19.77
1724083047, 74, 16.0, 19.77
1724083048, 74, 16.0, 19.77
1724083049, 74, 16.0, 19.53
1724083050, 75, 16.0, 19.53
1724083051, 76, 18.0, 19.53
1724083052, 75, 18.0, 19.53
1724083053, 74, 18.0, 19.47
1724083054, 73, 18.0, 19.47
1724083055, 73, 18.0, 19.47
1724083056, 72, 17.0, 19.43
1724083057, 73, 17.0, 19.43
1724083058, 72, 17.0, 19.43
1724083059, 72, 17.0, 19.42
1724083060, 72, 17.0, 19.42
1724083061, 73, 16.0, 19.42
1724083062, 73, 16.0, 19.42
1724083063, 73, 16.0, 19.42
1724083064, 73, 16.0, 19.12
1724083065, 74, 16.0, 19.12
1724083066, 74, 16.0, 19.28
1724083067, 74, 16.0, 19.28
1724083068, 73, 16.0, 19.28
1724083069, 73, 16.0, 19.28
1724083070, 73, 16.0, 19.14
1724083071, 73, 17.0, 19.14
1724083072, 73, 17.0, 19.14
1724083073, 73, 17.0, 19.14
1724083074, 73, 17.0, 19.14
1724083075, 73, 17.0, 19.14
1724083076, 73, 15.0, 18.93
1724083077, 73, 15.0, 18.93
1724083078, 72, 15.0, 18.93
1724083079, 72, 15.0, 18.93
1724083080, 72, 15.0, 18.93
1724083081, 73, 13.0, 18.93
1724083082, 73, 13.0, 19.02
1724083083, 73, 13.0, 19.02
1724083084, 73, 13.0, 19.11
1724083085, 72, 13.0, 19.11
1724083086, 72, 15.0, 19.11
1724083087, 73, 15.0, 19.11
1724083088, 73, 15.0, 19.05
1724083089, 73, 15.0, 19.05
1724083090, 73, 15.0, 19.05
1724083091, 74, 18.0, 19.05
1724083092, 75, 18.0, 19.0
1724083093, 77, 18.0, 19.0
1724083094, 77, 18.0, 19.0
1724083095, 77, 18.0, 19.0
1724083096, 76, 19.0, 18.83
1724083097, 72, 19.0, 18.83
1724083098, 70, 19.0, 18.83
1724083099, 69, 19.0, 18.83
1724083100, 69, 19.0, 18.83
1724083101, 68, 19.0, 18.83
1724083102, 68, 19.0, 18.63
1724083103, 68, 19.0, 18.63
1724083104, 68, 19.0, 18.77
1724083105, 68, 19.0, 18.77
1724083106, 68, 20.0, 18.83
1724083107, 68, 20.0, 18.83
1724083108, 68, 20.0, 18.83
1724083109, 70, 20.0, 18.87
1724083110, 71, 20.0, 18.87
1724083111, 71, 21.0, 18.87
1724083112, 72, 21.0, 18.87
1724083113, 72, 21.0, 18.81
1724083114, 73, 21.0, 18.81
1724083115, 73, 21.0, 18.81
1724083116, 74, 19.0, 18.81
1724083117, 74, 19.0, 18.81
1724083118, 76, 19.0, 18.81
1724083119, 77, 19.0, 18.81
1724083120, 77, 19.0, 18.7
1724083121, 76, 18.0, 18.7
1724083122, 76, 18.0, 18.61
1724083123, 74, 18.0, 18.61
1724083124, 73, 18.0, 18.61
1724083125, 72, 18.0, 18.61
1724083126, 72, 19.0, 18.61
1724083127, 72, 19.0, 18.61
1724083128, 72, 19.0, 18.61
1724083129, 72, 19.0, 18.34
1724083130, 71, 19.0, 18.34
1724083131, 71, NaN, 18.34
1724083132, 71, NaN, 18.44
1724083133, 71, NaN, 18.44
1724083134, 71, NaN, 18.44
1724083135, 71, NaN, 18.48
1724083136, 70, NaN, 18.48
1724083137, 70, NaN, 18.48
1724083138, 70, NaN, 18.48
1724083139, 70, NaN, 18.48
1724083140, 70, NaN, 18.48
1724083141, 70, NaN, 18.3
1724083142, 71, NaN, 18.3
1724083143, 72, NaN, 18.3
1724083144, 72, NaN, 18.3
1724083145, 72, NaN, 18.3
1724083146, 73, 18.0, 18.14
1724083147, 73, 18.0, 18.14
1724083148, 74, 18.0, 18.14
1724083149, 75, 18.0, 18.14
1724083150, 75, 18.0, 18.14
1724083151, 76, 18.0, 17.99
1724083152, 78, 18.0, 17.99
1724083153, 79, 18.0, 17.99
1724083154, 80, 18.0, 17.99
1724083155, 81, 18.0, 17.99
1724083156, 82, 20.0, 17.85
1724083157, 83, 20.0, 17.85
1724083158, 84, 20.0, 18.01
1724083159, 85, 20.0, 18.01
1724083160, 85, 20.0, 18.1
1724083161, 85, 22.0, 18.1
1724083162, 85, 22.0, 18.1
1724083163, 85, 22.0, 18.1
1724083164, 85, 22.0, 18.03
1724083165, 85, 22.0, 18.03
1724083166, 83, 23.0, 18.03
1724083167, 81, 23.0, 18.16
1724083168, 80, 23.0, 18.16
1724083169, 77, 23.0, 18.49
1724083170, 77, 23.0, 18.49
1724083171, 76, 23.0, 18.81
1724083172, 76, 23.0, 18.81
1724083173, 76, 23.0, 18.81
1724083174, 76, 23.0, 18.81
1724083175, 76, 23.0, 18.75
1724083176, 76, 24.0, 18.75
1724083177, 76, 24.0, 18.75
1724083178, 76, 24.0, 18.77
1724083179, 76, 24.0, 18.77
1724083180, 76, 24.0, 18.77
1724083181, 76, 25.0, 18.96
1724083182, 75, 25.0, 18.96
1724083183, 76, 25.0, 19.24
1724083184, 77, 25.0, 19.24
1724083185, 77, 25.0, 19.24
1724083186, 76, 26.0, 19.24
1724083187, 75, 26.0, 19.24
1724083188, 73, 26.0, 19.38
1724083189, 74, 26.0, 19.25
1724083190, 75, 26.0, 19.25
1724083191, 77, 26.0, 19.25
1724083192, 78, 26.0, 19.43
1724083193, 78, 26.0, 19.43
1724083194, 78, 26.0, 19.43
1724083195, 77, 26.0, 19.41
1724083196, 77, 25.0, 19.41
1724083197, 77, 25.0, 19.41
1724083198, 77, 25.0, 19.41
1724083199, 81, 25.0, 19.26
1724083200, 86, 25.0, 19.26
1724083201, 92, 25.0, 19.42
1724083202, 95, 25.0, 19.42
1724083203, 98, 25.0, 19.42
1724083204, 100, 25.0, 19.42
1724083205, 102, 25.0, 19.53
1724083206, 102, 31.0, 19.53
1724083207, 103, 31.0, 19.53
1724083208, 103, 31.0, 19.53
1724083209, 102, 31.0, 19.28
1724083210, 100, 31.0, 19.28
1724083211, 99, 36.0, 19.28
1724083212, 99, 36.0, 19.39
1724083213, 99, 36.0, 19.39
1724083214, 98, 36.0, 19.39
1724083215, 97, 36.0, 19.39
1724083216, 95, 42.0, 19.22
1724083217, 91, 42.0, 19.22
1724083218, 87, 42.0, 19.22
1724083219, 87, 42.0, 19.22
1724083220, 84, 42.0, 19.14
1724083221, 84, 46.0, 19.14
1724083222, 84, 46.0, 19.14
1724083223, 84, 46.0, 19.17
1724083224, 84, 46.0, 19.17
1724083225, 85, 46.0, 19.17
1724083226, 85, 51.0, 19.17
1724083227, 86, 51.0, 19.17
1724083228, 87, 51.0, 18.97
1724083229, 87, 51.0, 18.97
1724083230, 87, 51.0, 19.05
1724083231, 87, 55.0, 19.05
1724083232, 87, 55.0, 19.05
1724083233, 88, 55.0, 19.15
1724083234, 88, 55.0, 19.15
1724083235, 87, 55.0, 19.15
1724083236, 88, 59.0, 19.32
1724083237, 88, 59.0, 19.32
1724083238, 89, 59.0, 19.32
1724083239, 88, 59.0, 19.32
1724083240, 88, 59.0, 19.26
1724083241, 88, 59.0, 19.26
1724083242, 86, 59.0, 19.26
1724083243, 85, 59.0, 19.19
1724083244, 85, 59.0, 19.19
1724083245, 84, 59.0, 19.19
1724083246, 83, 58.0, 19.19
1724083247, 83, 58.0, 19.19
1724083248, 83, 58.0, 19.19
1724083249, 83, 58.0, 19.08
1724083250, 82, 58.0, 19.08
1724083251, 82, 59.0, 19.08
1724083252, 82, 59.0, 19.12
1724083253, 82, 59.0, 19.12
1724083254, 81, 59.0, 19.22
1724083255, 80, 59.0, 19.22
1724083256, 79, 60.0, 19.22
1724083257, 78, 60.0, 19.22
1724083258, 77, 60.0, 19.22
1724083259, 76, 60.0, 19.22
1724083260, 75, 60.0, 19.22
1724083261, 75, 56.0, 19.06
1724083262, 74, 56.0, 19.06
1724083263, 74, 56.0, 19.15
1724083264, 73, 56.0, 19.15
1724083265, 73, 56.0, 19.15
1724083266, 73, 49.0, 19.15
1724083267, 73, 49.0, 19.15
1724083268, 73, 49.0, 19.15
1724083269, 73, 49.0, 19.15
1724083270, 74, 49.0, 19.15
1724083271, 74, 44.0, 19.15
1724083272, 75, 44.0, 19.15
1724083273, 75, 44.0, 19.15
1724083274, 77, 44.0, 19.15
1724083275, 78, 44.0, 19.15
1724083276, 81, 39.0, 19.15
1724083277, 82, 39.0, 19.15
1724083278, 81, 39.0, 19.15
1724083279, 81, 39.0, 19.04
1724083280, 81, 39.0, 19.04
1724083281, 79, 35.0, 19.04
1724083282, 79, 35.0, 19.04
1724083283, 79, 35.0, 19.04
1724083284, 79, 35.0, 19.04
1724083285, 79, 35.0, 18.97
1724083286, 78, 32.0, 18.97
1724083287, 77, 32.0, 18.97
1724083288, 76, 32.0, 18.97
1724083289, 76, 32.0, 18.97
1724083290, 76, 32.0, 18.91
1724083291, 76, 29.0, 18.91
1724083292, 76, 29.0, 18.91
1724083293, 77, 29.0, 18.91
1724083294, 78, 29.0, 18.91
1724083295, 80, 29.0, 18.92
1724083296, 81, 26.0, 18.92
1724083297, 82, 26.0, 18.92
1724083298, 82, 26.0, 18.92
1724083299, 83, 26.0, 18.92
1724083300, 84, 26.0, 18.92
1724083301, 85, 26.0, 18.67
1724083302, 84, 26.0, 18.67
1724083303, 83, 26.0, 18.67
1724083304, 84, 26.0, 18.67
1724083305, 85, 26.0, 18.46
1724083306, 86, 27.0, 18.46
1724083307, 86, 27.0, 18.46
1724083308, 87, 27.0, 18.46
1724083309, 87, 27.0, 18.46
1724083310, 88, 27.0, 18.46
1724083311, 88, 30.0, 18.43
1724083312, 89, 30.0, 18.43
1724083313, 89, 30.0, 18.43
1724083314, 89, 30.0, 18.2
1724083315, 90, 30.0, 18.2
1724083316, 90, 33.0, 18.34
1724083317, 90, 33.0, 18.34
1724083318, 91, 33.0, 18.34
1724083319, 91, 33.0, 18.34
1724083320, 91, 33.0, 18.28
1724083321, 92, 42.0, 18.28
1724083322, 93, 42.0, 18.39
1724083323, 92, 42.0, 18.39
1724083324, 92, 42.0, 18.39
1724083325, 91, 42.0, 18.39
1724083326, 90, 50.0, 18.29
1724083327, 90, 50.0, 18.29
1724083328, 91, 50.0, 18.29
1724083329, 91, 50.0, 18.51
1724083330, 91, 50.0, 18.51
1724083331, 91, 56.0, 18.73
1724083332, 92, 56.0, 18.73
1724083333, 92, 56.0, 18.73
1724083334, 92, 56.0, 18.73
1724083335, 93, 56.0, 18.98
1724083336, 93, 60.0, 19.24
1724083337, 93, 60.0, 19.24
1724083338, 94, 60.0, 19.24
1724083339, 94, 60.0, 20.2
1724083340, 95, 60.0, 20.2
1724083341, 95, 63.0, 20.2
1724083342, 96, 63.0, 21.43
1724083343, 96, 63.0, 21.43
1724083344, 96, 63.0, 21.43
1724083345, 97, 63.0, 21.43
1724083346, 97, 66.0, 21.43
1724083347, 97, 66.0, 21.43
1724083348, 95, 66.0, 21.31
1724083349, 94, 66.0, 21.31
1724083350, 93, 66.0, 21.31
1724083351, 92, 66.0, 21.28
1724083352, 91, 66.0, 21.28
1724083353, 90, 66.0, 21.28
1724083354, 91, 66.0, 21.28
1724083355, 92, 66.0, 21.28
1724083356, 95, 69.0, 21.17
1724083357, 96, 69.0, 21.17
1724083358, 97, 69.0, 21.17
1724083359, 97, 69.0, 21.17
1724083360, 97, 69.0, 21.17
1724083361, 97, 70.0, 21.1
1724083362, 99, 70.0, 21.1
1724083363, 99, 70.0, 21.1
1724083364, 100, 70.0, 20.9
1724083365, 100, 70.0, 20.9
1724083366, 100, 73.0, 20.99
1724083367, 101, 73.0, 20.99
1724083368, 101, 73.0, 20.99
1724083369, 100, 73.0, 20.99
1724083370, 100, 73.0, 20.99
1724083371, 100, 76.0, 20.89
1724083372, 100, 76.0, 20.89
1724083373, 100, 76.0, 20.89
1724083374, 99, 76.0, 20.9
1724083375, 99, 76.0, 20.9
1724083376, 99, 78.0, 20.9
1724083377, 98, 78.0, 20.88
1724083378, 98, 78.0, 20.88
1724083379, 98, 78.0, 20.88
1724083380, 98, 78.0, 20.88
1724083381, 98, 81.0, 20.88
1724083382, 97, 81.0, 20.88
1724083383, 97, 81.0, 20.78
1724083384, 97, 81.0, 20.78
1724083385, 97, 81.0, 20.78
1724083386, 97, 83.0, 20.78
1724083387, 96, 83.0, 20.66
1724083388, 96, 83.0, 20.66
1724083389, 96, 83.0, 20.66
1724083390, 95, 83.0, 20.66
1724083391, 94, 84.0, 20.66
1724083392, 92, 84.0, 20.46
1724083393, 91, 84.0, 20.46
1724083394, 91, 84.0, 20.46
1724083395, 90, 84.0, 20.55
1724083396, 90, 84.0, 20.55
1724083397, 90, 84.0, 20.55
1724083398, 90, 84.0, 20.55
1724083399, 90, 84.0, 20.55
1724083400, 90, 84.0, 20.43
1724083401, 90, 79.0, 20.43
1724083402, 90, 79.0, 20.43
1724083403, 90, 79.0, 20.43
1724083404, 90, 79.0, 20.39
1724083405, 89, 79.0, 20.39
1724083406, 89, 74.0, 20.39
1724083407, 89, 74.0, 20.39
1724083408, 89, 74.0, 20.39
1724083409, 89, 74.0, 20.39
1724083410, 90, 74.0, 20.39
1724083411, 90, 69.0, 20.39
1724083412, 90, 69.0, 20.26
1724083413, 91, 69.0, 20.26
1724083414, 91, 69.0, 20.29
1724083415, 91, 69.0, 20.29
1724083416, 92, 67.0, 20.29
1724083417, 92, 67.0, 20.29
1724083418, 92, 67.0, 20.29
1724083419, 92, 67.0, 20.34
1724083420, 91, 67.0, 20.34
1724083421, 91, 66.0, 20.23
1724083422, 91, 66.0, 20.23
1724083423, 91, 66.0, 20.23
1724083424, 90, 66.0, 20.23
1724083425, 89, 66.0, 20.23
1724083426, 89, 66.0, 20.14
1724083427, 92, 66.0, 20.14
1724083428, 94, 66.0, 20.17
1724083429, 96, 66.0, 20.17
1724083430, 97, 66.0, 20.17
1724083431, 96, 69.0, 20.17
1724083432, 96, 69.0, 20.06
1724083433, 96, 69.0, 20.06
1724083434, 96, 69.0, 20.06
1724083435, 96, 69.0, 20.06
1724083436, 96, 70.0, 19.74
1724083437, 96, 70.0, 19.74
1724083438, 96, 70.0, 19.74
1724083439, 96, 70.0, 19.74
1724083440, 96, 70.0, 19.74
1724083441, 95, 70.0, 19.74
1724083442, 95, 70.0, 19.32
1724083443, 94, 70.0, 19.32
1724083444, 93, 70.0, 19.32
1724083445, 92, 70.0, 19.2
1724083446, 91, 69.0, 19.2
1724083447, 90, 69.0, 19.2
1724083448, 88, 69.0, 19.2
1724083449, 82, 69.0, 19.2
1724083450, 76, 69.0, 18.6
1724083451, 75, 66.0, 18.6
1724083452, 75, 66.0, 18.6
1724083453, 75, 66.0, 18.6
1724083454, 76, 66.0, 18.32
1724083455, 76, 66.0, 18.32
1724083456, 77, 59.0, 18.32
1724083457, 77, 59.0, 18.32
1724083458, 78, 59.0, 18.32
1724083459, 78, 59.0, 18.32
1724083460, 78, 59.0, 18.32
1724083461, 78, 51.0, 17.76
1724083462, 79, 51.0, 17.76
1724083463, 80, 51.0, 17.76
1724083464, 81, 51.0, 17.76
1724083465, 81, 51.0, 17.76
1724083466, 81, 45.0, 17.32
1724083467, 81, 45.0, 17.32
1724083468, 81, 45.0, 17.32
1724083469, 82, 45.0, 17.32
1724083470, 82, 45.0, 16.99
1724083471, 81, 41.0, 16.99
1724083472, 81, 41.0, 16.99
1724083473, 81, 41.0, 17.12
1724083474, 82, 41.0, 17.12
1724083475, 82, 41.0, 17.12
1724083476, 82, 37.0, 17.16
1724083477, 82, 37.0, 17.16
1724083478, 83, 37.0, 17.16
1724083479, 83, 37.0, 17.16
1724083480, 83, 37.0, 17.16
1724083481, 83, 37.0, 17.16
1724083482, 83, 37.0, 17.16
1724083483, 83, 37.0, 17.16
1724083484, 87, 37.0, 17.02
1724083485, 90, 37.0, 17.02
1724083486, 93, 41.0, 17.02
1724083487, 96, 41.0, 17.02
1724083488, 97, 41.0, 16.98
1724083489, 99, 41.0, 16.98
1724083490, 100, 41.0, 16.98
1724083491, 101, 42.0, 16.98
1724083492, 102, 42.0, 16.98
1724083493, 102, 42.0, 16.98
1724083494, 103, 42.0, 16.98
1724083495, 104, 42.0, 16.98
1724083496, 104, 45.0, 16.98
1724083497, 105, 45.0, 16.98
1724083498, 105, 45.0, 16.77
1724083499, 105, 45.0, 16.77
1724083500, 105, 45.0, 16.88
1724083501, 105, 46.0, 16.88
1724083502, 105, 46.0, 16.88
1724083503, 104, 46.0, 17.02
1724083504, 103, 46.0, 17.02
1724083505, 103, 46.0, 17.02
1724083506, 102, 47.0, 17.02
1724083507, 102, 47.0, 17.02
1724083508, 102, 47.0, 17.02
1724083509, 101, 47.0, 17.02
1724083510, 101, 47.0, 17.15
1724083511, 101, 50.0, 17.15
1724083512, 100, 50.0, 17.15
1724083513, 100, 50.0, 17.11
1724083514, 100, 50.0, 17.11
1724083515, 100, 50.0, 17.22
1724083516, 98, 54.0, 17.22
1724083517, 94, 54.0, 17.22
1724083518, 90, 54.0, 17.4
1724083519, 90, 54.0, 17.4
1724083520, 91, 54.0, 17.4
1724083521, 93, 61.0, 17.44
1724083522, 93, 61.0, 17.44
1724083523, 93, 61.0, 17.44
1724083524, 94, 61.0, 17.44
1724083525, 94, 61.0, 17.44
1724083526, 94, 66.0, 17.44
1724083527, 94, 66.0, 17.28
1724083528, 94, 66.0, 17.28
1724083529, 93, 66.0, 17.45
1724083530, 93, 66.0, 17.45
1724083531, 93, 74.0, 17.56
1724083532, 93, 74.0, 17.56
1724083533, 92, 74.0, 17.56
1724083534, 92, 74.0, 17.56
1724083535, 91, 74.0, 17.56
1724083536, 91, 77.0, 17.56
1724083537, 90, 77.0, 17.56
1724083538, 90, 77.0, 17.56
1724083539, 89, 77.0, 17.56
1724083540, 89, 77.0, 17.56
1724083541, 89, 78.0, 17.56
1724083542, 88, 78.0, 17.44
1724083543, 88, 78.0, 17.44
1724083544, 88, 78.0, 17.52
1724083545, 88, 78.0, 17.52
1724083546, 88, 75.0, 17.52
1724083547, 88, 75.0, 17.52
1724083548, 88, 75.0, 17.53
1724083549, 89, 75.0, 17.53
1724083550, 88, 75.0, 17.53
1724083551, 88, 73.0, 17.53
1724083552, 88, 73.0, 17.53
1724083553, 88, 73.0, 17.53
1724083554, 88, 73.0, 17.53
1724083555, 88, 73.0, 17.53
1724083556, 87, 71.0, 17.53
1724083557, 87, 71.0, 17.45
1724083558, 87, 71.0, 17.45
1724083559, 87, 71.0, 17.45
1724083560, 86, 71.0, 17.45
1724083561, 85, 69.0, 17.45
1724083562, 85, 69.0, 17.45
1724083563, 84, 69.0, 17.45
1724083564, 83, 69.0, 17.34
1724083565, 83, 69.0, 17.34
1724083566, 83, 66.0, 17.34
1724083567, 83, 66.0, 17.35
1724083568, 83, 66.0, 17.35
1724083569, 84, 66.0, 17.35
1724083570, 84, 66.0, 17.34
1724083571, 85, 64.0, 17.34
1724083572, 85, 64.0, 17.34
1724083573, 85, 64.0, 17.34
1724083574, 86, 64.0, 17.27
1724083575, 86, 64.0, 17.27
1724083576, 86, 64.0, 17.27
1724083577, 86, 64.0, 17.4
1724083578, 86, 64.0, 17.4
1724083579, 86, 64.0, 17.4
1724083580, 86, 64.0, 17.78
1724083581, 86, 64.0, 17.78
1724083582, 86, 64.0, 17.78
1724083583, 86, 64.0, 17.78
1724083584, 86, 64.0, 17.78
1724083585, 86, 64.0, 17.78
1724083586, 84, 64.0, 17.53
1724083587, 84, 64.0, 17.53
1724083588, 84, 64.0, 17.53
1724083589, 84, 64.0, 17.53
1724083590, 84, 64.0, 17.65
1724083591, 83, 63.0, 17.65
1724083592, 83, 63.0, 17.79
1724083593, 83, 63.0, 17.79
1724083594, 82, 63.0, 17.92
1724083595, 82, 63.0, 17.92
1724083596, 81, 63.0, 18.04
1724083597, 81, 63.0, 18.04
1724083598, 80, 63.0, 18.04
1724083599, 78, 63.0, 18.04
1724083600, 79, 63.0, 17.94
1724083601, 79, 57.0, 17.94
1724083602, 79, 57.0, 17.94
1724083603, 80, 57.0, 18.16
1724083604, 81, 57.0, 18.16
1724083605, 83, 57.0, 18.16
1724083606, 84, 54.0, 18.18
1724083607, 85, 54.0, 18.18
1724083608, 85, 54.0, 18.18
1724083609, 86, 54.0, 18.18
1724083610, 86, 54.0, 18.18
1724083611, 86, 54.0, 18.18
1724083612, 86, 54.0, 17.98
1724083613, 86, 54.0, 17.98
1724083614, 84, 54.0, 17.86
1724083615, 84, 54.0, 17.86
1724083616, 84, 49.0, 17.86
1724083617, 83, 49.0, 17.86
1724083618, 83, 49.0, 17.86
1724083619, 82, 49.0, 17.59
1724083620, 82, 49.0, 17.59
1724083621, 82, 45.0, 17.59
1724083622, 82, 45.0, 17.78
1724083623, 82, 45.0, 17.78
1724083624, 82, 45.0, 17.78
1724083625, 81, 45.0, 17.91
1724083626, 81, 43.0, 17.91
1724083627, 81, 43.0, 18.09
1724083628, 82, 43.0, 18.09
1724083629, 83, 43.0, 18.25
1724083630, 83, 43.0, 18.25
1724083631, 82, 43.0, 18.25
1724083632, 82, 43.0, 20.3
1724083633, 79, 43.0, 20.3
1724083634, 77, 43.0, 20.3
1724083635, 76, 43.0, 21.88
1724083636, 74, 41.0, 21.88
1724083637, 74, 41.0, 23.19
1724083638, 74, 41.0, 23.19
1724083639, 75, 41.0, 23.68
1724083640, 75, 41.0, 23.68
1724083641, 76, 35.0, 23.68
1724083642, 76, 35.0, 23.62
1724083643, 77, 35.0, 23.62
1724083644, 77, 35.0, 23.62
1724083645, 77, 35.0, 23.54
1724083646, 77, 33.0, 23.54
1724083647, 77, 33.0, 23.54
1724083648, 77, 33.0, 23.58
1724083649, 77, 33.0, 23.58
1724083650, 77, 33.0, 23.62
1724083651, 78, 32.0, 23.62
1724083652, 79, 32.0, 23.62
1724083653, 80, 32.0, 23.58
1724083654, 81, 32.0, 23.58
1724083655, 83, 32.0, 23.58
1724083656, 84, 32.0, 23.58
1724083657, 85, 32.0, 23.58
1724083658, 87, 32.0, 23.58
1724083659, 87, 32.0, 23.57
1724083660, 87, 32.0, 23.57
1724083661, 87, 36.0, 23.57
1724083662, 88, 36.0, 23.57
1724083663, 88, 36.0, 23.57
1724083664, 88, 36.0, 23.57
1724083665, 88, 36.0, 23.57
1724083666, 88, 40.0, 23.53
1724083667, 88, 40.0, 23.53
1724083668, 88, 40.0, 23.53
1724083669, 89, 40.0, 23.53
1724083670, 89, 40.0, 23.5
1724083671, 89, 42.0, 23.5
1724083672, 89, 42.0, 23.5
1724083673, 88, 42.0, 23.5
1724083674, 88, 42.0, 23.5
1724083675, 88, 42.0, 23.37
1724083676, 88, 45.0, 23.37
1724083677, 87, 45.0, 23.37
1724083678, 86, 45.0, 23.38
1724083679, 85, 45.0, 23.38
1724083680, 83, 45.0, 23.38
1724083681, 82, 46.0, 23.38
1724083682, 81, 46.0, 23.34
1724083683, 80, 46.0, 23.34
1724083684, 79, 46.0, 23.34
1724083685, 78, 46.0, 23.24
1724083686, 78, 46.0, 23.24
1724083687, 77, 46.0, 23.24
1724083688, 76, 46.0, 23.24
1724083689, 75, 46.0, 23.24
1724083690, 75, 46.0, 23.24
1724083691, 74, 42.0, 23.24
1724083692, 73, 42.0, 23.11
1724083693, 73, 42.0, 23.11
1724083694, 73, 42.0, 23.11
1724083695, 73, 42.0, 23.11
1724083696, 73, 38.0, 23.11
1724083697, 73, 38.0, 23.11
1724083698, 73, 38.0, 22.93
1724083699, 74, 38.0, 22.93
1724083700, 73, 38.0, 22.93
1724083701, 73, 35.0, 22.93
1724083702, 72, 35.0, 22.93
1724083703, 72, 35.0, 22.93
1724083704, 71, 35.0, 22.93
1724083705, 71, 35.0, 22.93
1724083706, 71, 32.0, 22.93
1724083707, 72, 32.0, 22.6
1724083708, 74, 32.0, 22.6
1724083709, 73, 32.0, 22.6
1724083710, 74, 32.0, 22.18
1724083711, 73, 29.0, 22.18
1724083712, 73, 29.0, 22.18
1724083713, 73, 29.0, 22.18
1724083714, 73, 29.0, 22.18
1724083715, 73, 29.0, 22.18
1724083716, 72, 28.0, 22.18
1724083717, 72, 28.0, 22.08
1724083718, 72, 28.0, 22.08
1724083719, 72, 28.0, 22.08
1724083720, 71, 28.0, 22.08
1724083721, 71, 27.0, 22.08
1724083722, 71, 27.0, 22.08
1724083723, 71, 27.0, 22.08
1724083724, 71, 27.0, 22.08
1724083725, 71, 27.0, 21.72
1724083726, 71, 25.0, 21.72
1724083727, 70, 25.0, 21.72
1724083728, 70, 25.0, 21.68
1724083729, 70, 25.0, 21.68
1724083730, 71, 25.0, 21.68
1724083731, 72, 25.0, 21.58
1724083732, 73, 25.0, 21.58
1724083733, 73, 25.0, 21.58
1724083734, 73, 25.0, 21.58
1724083735, 73, 25.0, 21.53
1724083736, 73, 24.0, 21.53
1724083737, 72, 24.0, 21.53
1724083738, 73, 24.0, 21.53
1724083739, 73, 24.0, 21.39
1724083740, 74, 24.0, 21.39
1724083741, 74, 25.0, 21.46
1724083742, 74, 25.0, 21.46
1724083743, 75, 25.0, 21.46
1724083744, 75, 25.0, 21.51
1724083745, 76, 25.0, 21.51
1724083746, 77, 24.0, 21.51
1724083747, 77, 24.0, 21.51
1724083748, 78, 24.0, 21.32
1724083749, 78, 24.0, 21.32
1724083750, 78, 24.0, 21.32
1724083751, 78, 23.0, 21.28
1724083752, 78, 23.0, 21.28
1724083753, 78, 23.0, 21.28
1724083754, 79, 23.0, 21.28
1724083755, 79, 23.0, 21.03
1724083756, 80, 22.0, 21.03
1724083757, 80, 22.0, 21.03
1724083758, 81, 22.0, 20.92
1724083759, 81, 22.0, 20.92
1724083760, 82, 22.0, 21.08
1724083761, 82, 23.0, 21.08
1724083762, 82, 23.0, 21.08
1724083763, 82, 23.0, 21.08
1724083764, 81, 23.0, 20.82
1724083765, 81, 23.0, 20.82
1724083766, 81, 23.0, 20.82
1724083767, 80, 23.0, 20.82
1724083768, 80, 23.0, 20.82
1724083769, 79, 23.0, 20.59
1724083770, 78, 23.0, 20.59
1724083771, 78, 23.0, 20.59
1724083772, 78, 23.0, 20.59
1724083773, 78, 23.0, 20.63
1724083774, 78, 23.0, 20.63
1724083775, 78, 23.0, 20.58
1724083776, 78, 24.0, 20.58
1724083777, 78, 24.0, 20.58
1724083778, 79, 24.0, 20.58
1724083779, 79, 24.0, 20.58
1724083780, 80, 24.0, 20.58
1724083781, 80, 24.0, 20.32
1724083782, 80, 24.0, 20.32
1724083783, 79, 24.0, 20.32
1724083784, 78, 24.0, 20.25
1724083785, 77, 24.0, 20.25
1724083786, 78, 26.0, 20.26
1724083787, 80, 26.0, 20.26
1724083788, 80, 26.0, 20.26
1724083789, 81, 26.0, 20.34
1724083790, 81, 26.0, 20.34
1724083791, 82, 26.0, 20.34
1724083792, 82, 26.0, 20.34
1724083793, 82, 26.0, 20.2
1724083794, 82, 26.0, 20.2
1724083795, 82, 26.0, 20.2
1724083796, 82, 28.0, 20.29
1724083797, 82, 28.0, 20.29
1724083798, 82, 28.0, 20.29
1724083799, 81, 28.0, 20.29
1724083800, 81, 28.0, 20.29
1724083801, 80, 29.0, 20.1
1724083802, 79, 29.0, 20.1
1724083803, 78, 29.0, 20.1
1724083804, 78, 29.0, 20.1
1724083805, 77, 29.0, 20.1
1724083806, 77, 30.0, 20.1
1724083807, 77, 30.0, 20.1
1724083808, 76, 30.0, 20.1
1724083809, 76, 30.0, 19.93
1724083810, 77, 30.0, 19.93
1724083811, 77, 33.0, 19.93
1724083812, 77, 33.0, 19.93
1724083813, 77, 33.0, 19.82
1724083814, 77, 33.0, 19.82
1724083815, 77, 33.0, 19.82
1724083816, 76, 33.0, 19.82
1724083817, 75, 33.0, 19.82
1724083818, 75, 33.0, 19.82
1724083819, 74, 33.0, 19.82
1724083820, 73, 33.0, 19.82
1724083821, 74, NaN, 19.82
1724083822, 74, NaN, 19.82
1724083823, 74, NaN, 19.6
1724083824, 75, NaN, 19.64
1724083825, 87, NaN, 19.64
1724083826, 102, 30.0, 19.64
1724083827, 107, 30.0, 19.62
1724083828, 108, 30.0, 19.62
1724083829, 109, 30.0, 19.62
1724083830, 109, 30.0, 19.62
1724083831, 109, 32.0, 19.62
1724083832, 109, 32.0, 19.62
1724083833, 107, 32.0, 19.62
1724083834, 105, 32.0, 19.62
1724083835, 102, 32.0, 19.52
1724083836, 100, 37.0, 19.52
1724083837, 99, 37.0, 19.52
1724083838, 97, 37.0, 19.24
1724083839, 96, 37.0, 19.24
1724083840, 94, 37.0, 19.24
1724083841, 93, 43.0, 19.45
1724083842, 92, 43.0, 19.45
1724083843, 93, 43.0, 19.45
1724083844, 92, 43.0, 19.32
1724083845, 93, 43.0, 19.32
1724083846, 94, 48.0, 19.32
1724083847, 94, 48.0, 19.45
1724083848, 95, 48.0, 19.45
1724083849, 95, 48.0, 19.45
1724083850, 95, 48.0, 19.45
1724083851, 95, 48.0, 19.21
1724083852, 95, 48.0, 19.21
1724083853, 94, 48.0, 19.21
1724083854, 92, 48.0, 19.17
1724083855, 89, 48.0, 19.17
1724083856, 89, 53.0, 19.17
1724083857, 88, 53.0, 19.17
1724083858, 87, 53.0, 18.9
1724083859, 84, 53.0, 18.9
1724083860, 83, 53.0, 18.9
1724083861, 80, 55.0, 19.09
1724083862, 80, 55.0, 19.09
1724083863, 80, 55.0, 19.23
1724083864, 80, 55.0, 19.23
1724083865, 80, 55.0, 19.23
1724083866, 80, 52.0, 19.41
1724083867, 81, 52.0, 19.41
1724083868, 81, 52.0, 19.6
1724083869, 81, 52.0, 19.6
1724083870, 81, 52.0, 19.6
1724083871, 81, 50.0, 20.66
1724083872, 81, 50.0, 20.66
1724083873, 81, 50.0, 20.66
1724083874, 81, 50.0, 21.71
1724083875, 81, 50.0, 21.71
1724083876, 81, 48.0, 21.71
1724083877, 80, 48.0, 21.71
1724083878, 80, 48.0, 21.61
1724083879, 80, 48.0, 21.61
1724083880, 79, 48.0, 21.61
1724083881, 78, 45.0, 21.64
1724083882, 78, 45.0, 21.64
1724083883, 78, 45.0, 21.68
1724083884, 78, 45.0, 21.68
1724083885, 77, 45.0, 21.68
1724083886, 77, 42.0, 21.65
1724083887, 76, 42.0, 21.65
1724083888, 76, 42.0, 21.65
1724083889, 76, 42.0, 21.6
1724083890, 75, 42.0, 21.6
1724083891, 74, 38.0, 21.6
1724083892, 71, 38.0, 21.6
1724083893, 70, 38.0, 21.46
1724083894, 69, 38.0, 21.46
1724083895, 69, 38.0, 21.46
1724083896, 69, 33.0, 21.46
1724083897, 70, 33.0, 21.29
1724083898, 71, 33.0, 21.29
1724083899, 71, 33.0, 21.29
1724083900, 72, 33.0, 21.29
1724083901, 72, 28.0, 21.29
1724083902, 71, 28.0, 21.29
1724083903, 72, 28.0, 21.29
1724083904, 72, 28.0, 21.0
1724083905, 71, 28.0, 21.0
1724083906, 70, 24.0, 21.0
1724083907, 70, 24.0, 21.0
1724083908, 70, 24.0, 21.0
1724083909, 70, 24.0, 21.0
1724083910, 70, 24.0, 21.0
1724083911, 70, 23.0, 20.7
1724083912, 70, 23.0, 20.7
1724083913, 70, 23.0, 20.7
1724083914, 70, 23.0, 20.64
1724083915, 71, 23.0, 20.64
1724083916, 71, 22.0, 20.64
1724083917, 71, 22.0, 20.64
1724083918, 71, 22.0, 20.56
1724083919, 71, 22.0, 20.56
1724083920, 71, 22.0, 20.56
1724083921, 70, 20.0, 20.56
1724083922, 70, 20.0, 20.56
1724083923, 69, 20.0, 20.56
1724083924, 69, 20.0, 20.34
1724083925, 70, 20.0, 20.34
1724083926, 70, 20.0, 20.38
1724083927, 71, 20.0, 20.38
1724083928, 71, 20.0, 20.38
1724083929, 70, 20.0, 20.43
1724083930, 70, 20.0, 20.43
1724083931, 72, 20.0, 20.51
1724083932, 74, 20.0, 20.51
1724083933, 75, 20.0, 20.51
1724083934, 77, 20.0, 20.51
1724083935, 77, 20.0, 20.51
1724083936, 76, 20.0, 20.51
1724083937, 75, 20.0, 20.43
1724083938, 74, 20.0, 20.43
1724083939, 74, 20.0, 20.44
1724083940, 73, 20.0, 20.44
1724083941, 73, 20.0, 20.44
1724083942, 73, 20.0, 20.44
1724083943, 73, 20.0, 20.44
1724083944, 73, 20.0, 20.44
1724083945, 73, 20.0, 20.44
1724083946, 73, 20.0, 20.49
1724083947, 73, 20.0, 20.49
1724083948, 73, 20.0, 20.49
1724083949, 73, 20.0, 20.46
1724083950, 74, 20.0, 20.71
1724083951, 74, 19.0, 20.71
1724083952, 75, 19.0, 20.71
1724083953, 76, 19.0, 21.0
1724083954, 77, 19.0, 21.0
1724083955, 79, 19.0, 21.3
1724083956, 80, 18.0, 21.3
1724083957, 82, 18.0, 21.3
1724083958, 83, 18.0, 21.58
1724083959, 84, 18.0, 21.58
1724083960, 84, 18.0, 21.58
1724083961, 84, 18.0, 21.45
1724083962, 85, 18.0, 21.45
1724083963, 85, 18.0, 21.45
1724083964, 85, 18.0, 21.45
1724083965, 85, 18.0, 21.45
1724083966, 86, 19.0, 21.34
1724083967, 87, 19.0, 21.34
1724083968, 88, 19.0, 21.34
1724083969, 87, 19.0, 21.34
1724083970, 87, 19.0, 21.34
1724083971, 88, 20.0, 21.34
1724083972, 89, 20.0, 21.25
1724083973, 90, 20.0, 21.25
1724083974, 91, 20.0, 21.25
1724083975, 91, 20.0, 21.21
1724083976, 92, 21.0, 21.21
1724083977, 92, 21.0, 21.21
1724083978, 92, 21.0, 21.26
1724083979, 92, 21.0, 21.26
1724083980, 92, 21.0, 21.26
1724083981, 92, 23.0, 21.28
1724083982, 92, 23.0, 21.28
1724083983, 91, 23.0, 21.28
1724083984, 90, 23.0, 21.28
1724083985, 90, 23.0, 21.23
1724083986, 89, 26.0, 21.24
1724083987, 88, 26.0, 21.24
1724083988, 88, 26.0, 21.24
1724083989, 86, 26.0, 21.24
1724083990, 85, 26.0, 20.95
1724083991, 84, 32.0, 20.95
1724083992, 83, 32.0, 21.14
1724083993, 83, 32.0, 21.14
1724083994, 82, 32.0, 21.14
1724083995, 82, 32.0, 21.14
1724083996, 81, 32.0, 21.14
1724083997, 81, 32.0, 20.88
1724083998, 80, 32.0, 20.88
1724083999, 79, 32.0, 20.88
1724084000, 79, 32.0, 20.94
1724084001, 76, 34.0, 20.94
1724084002, 73, 34.0, 20.94
1724084003, 67, 34.0, 20.92
1724084004, 66, 34.0, 20.92
1724084005, 64, 34.0, 20.92
1724084006, 65, 33.0, 20.92
1724084007, 65, 33.0, 20.88
1724084008, 66, 33.0, 20.88
1724084009, 66, 33.0, 20.88
1724084010, 66, 33.0, 20.77
1724084011, 67, 27.0, 20.77
1724084012, 68, 27.0, 20.78
1724084013, 68, 27.0, 20.78
1724084014, 69, 27.0, 20.78
1724084015, 69, 27.0, 20.78
1724084016, 69, 24.0, 20.28
1724084017, 69, 24.0, 20.28
1724084018, 69, 24.0, 20.28
1724084019, 69, 24.0, 20.44
1724084020, 69, 24.0, 20.44
1724084021, 69, 22.0, 20.57
1724084022, 68, 22.0, 20.57
1724084023, 68, 22.0, 20.57
1724084024, 65, 22.0, 20.57
1724084025, 64, 22.0, 20.57
1724084026, 63, 20.0, 20.57
1724084027, 63, 20.0, 20.57
1724084028, 62, 20.0, 20.57
1724084029, 62, 20.0, 20.57
1724084030, 62, 20.0, 20.57
1724084031, 62, 18.0, 20.47
1724084032, 62, 18.0, 20.47
1724084033, 62, 18.0, 20.47
1724084034, 63, 18.0, 20.46
1724084035, 63, 18.0, 20.46
1724084036, 64, 16.0, 20.46
1724084037, 64, 16.0, 20.42
1724084038, 65, 16.0, 20.42
1724084039, 65, 16.0, 20.42
1724084040, 66, 16.0, 20.42
1724084041, 66, 14.0, 20.42
1724084042, 67, 14.0, 20.35
1724084043, 67, 14.0, 20.35
1724084044, 67, 14.0, 20.35
1724084045, 68, 14.0, 20.35
1724084046, 68, 15.0, 20.27
1724084047, 68, 15.0, 20.27
1724084048, 68, 15.0, 20.27
1724084049, 69, 15.0, 20.27
1724084050, 70, 15.0, 20.33
1724084051, 70, NaN, 20.44
1724084052, 70, NaN, 20.44
1724084053, 71, NaN, 20.44
1724084054, 71, NaN, 20.44
1724084055, 70, NaN, 20.4
1724084056, 70, NaN, 20.4
1724084057, 69, NaN, 20.62
1724084058, 69, NaN, 20.62
1724084059, 69, NaN, 20.62
1724084060, 69, NaN, 20.71
1724084061, 70, NaN, 20.71
1724084062, 70, NaN, 20.95
1724084063, 72, NaN, 20.95
1724084064, 73, NaN, 20.95
1724084065, 74, NaN, 21.13
1724084066, 74, NaN, 21.13
1724084067, 75, NaN, 21.13
1724084068, 75, NaN, 21.13
1724084069, 75, NaN, 21.13
1724084070, 75, NaN, 21.13
1724084071, 75, NaN, 21.13
1724084072, 75, NaN, 21.13
1724084073, 74, NaN, 20.99
1724084074, 72, NaN, 21.05
1724084075, 71, NaN, 21.05
1724084076, 70, NaN, 21.05
1724084077, 71, NaN, 21.05
1724084078, 71, NaN, 21.05
1724084079, 71, NaN, 21.05
1724084080, 71, NaN, 21.05
1724084081, 71, 16.0, 20.98
1724084082, 71, 16.0, 20.98
1724084083, 71, 16.0, 20.99
1724084084, 71, 16.0, 20.99
1724084085, 71, 16.0, 20.99
1724084086, 70, 16.0, 20.99
1724084087, 63, 16.0, 20.99
1724084088, 58, 16.0, 20.99
1724084089, 55, 16.0, 20.99
1724084090, 55, 16.0, 20.99
1724084091, 55, 12.0, 20.99
1724084092, 57, 12.0, 20.91
1724084093, 59, 12.0, 20.91
1724084094, 62, 12.0, 20.91
1724084095, 63, 12.0, 20.91
1724084096, 64, 9.0, 20.82
1724084097, 65, 9.0, 20.82
1724084098, 66, 9.0, 20.82
1724084099, 66, 9.0, 20.82
1724084100, 66, 9.0, 20.82
1724084101, 67, 10.0, 20.67
1724084102, 67, 10.0, 20.67
1724084103, 68, 10.0, 20.76
1724084104, 69, 10.0, 20.76
1724084105, 70, 10.0, 20.77
1724084106, 70, 10.0, 20.77
1724084107, 70, 10.0, 20.77
1724084108, 71, 10.0, 20.85
1724084109, 71, 10.0, 20.85
1724084110, 71, 10.0, 20.85
1724084111, 72, 10.0, 20.85
1724084112, 73, 10.0, 20.85
1724084113, 74, 10.0, 20.85
1724084114, 75, 10.0, 20.74
1724084115, 75, 10.0, 20.74
1724084116, 75, 9.0, 20.74
1724084117, 75, 9.0, 20.74
1724084118, 75, 9.0, 20.66
1724084119, 75, 9.0, 20.66
1724084120, 75, 9.0, 20.72
1724084121, 75, 12.0, 20.72
1724084122, 76, 12.0, 20.72
1724084123, 76, 12.0, 20.72
1724084124, 76, 12.0, 20.72
1724084125, 76, 12.0, 20.72
1724084126, 76, 17.0, 20.66
1724084127, 76, 17.0, 20.66
1724084128, 76, 17.0, 20.66
1724084129, 76, 17.0, 20.48
1724084130, 75, 17.0, 20.48
1724084131, 75, 17.0, 20.48
1724084132, 74, 17.0, 20.49
1724084133, 74, 17.0, 20.49
1724084134, 74, 17.0, 20.49
1724084135, 76, 17.0, 20.43
1724084136, 78, 18.0, 20.43
1724084137, 78, 18.0, 20.55
1724084138, 79, 18.0, 20.55
1724084139, 79, 18.0, 20.55
1724084140, 79, 18.0, 20.55
1724084141, 80, 20.0, 20.55
1724084142, 81, 20.0, 20.37
1724084143, 82, 20.0, 20.37
1724084144, 82, 20.0, 20.37
1724084145, 84, 20.0, 20.43
1724084146, 84, 23.0, 20.43
1724084147, 84, 23.0, 20.43
1724084148, 84, 23.0, 20.43
1724084149, 85, 23.0, 20.28
1724084150, 84, 23.0, 20.28
1724084151, 84, 23.0, 20.28
1724084152, 84, 23.0, 20.28
1724084153, 83, 23.0, 20.28
1724084154, 82, 23.0, 20.28
1724084155, 81, 23.0, 20.21
1724084156, 80, 23.0, 20.21
1724084157, 79, 23.0, 20.45
1724084158, 78, 23.0, 20.45
1724084159, 77, 23.0, 20.45
1724084160, 76, 23.0, 20.38
1724084161, 75, 24.0, 20.38
1724084162, 73, 24.0, 20.38
1724084163, 72, 24.0, 20.52
1724084164, 71, 24.0, 20.52
1724084165, 70, 24.0, 20.52
1724084166, 70, 24.0, 20.52
1724084167, 69, 24.0, 20.52
1724084168, 69, 24.0, 20.52
1724084169, 69, 24.0, 20.33
1724084170, 69, 24.0, 20.33
1724084171, 69, 23.0, 20.33
1724084172, 69, 23.0, 20.28
1724084173, 68, 23.0, 20.28
1724084174, 68, 23.0, 20.28
1724084175, 68, 23.0, 20.3
1724084176, 68, 21.0, 20.3
1724084177, 68, 21.0, 20.3
1724084178, 68, 21.0, 20.3
1724084179, 68, 21.0, 20.3
1724084180, 68, 21.0, 20.11
1724084181, 69, 19.0, 20.11
1724084182, 71, 19.0, 20.11
1724084183, 72, 19.0, 20.11
1724084184, 74, 19.0, 20.11
1724084185, 74, 19.0, 19.9
1724084186, 74, NaN, 19.9
1724084187, 75, NaN, 19.9
1724084188, 74, NaN, 19.9
1724084189, 73, NaN, 19.9
1724084190, 72, NaN, 19.9
1724084191, 72, NaN, 19.9
1724084192, 71, NaN, 19.56
1724084193, 71, NaN, 19.56
1724084194, 70, NaN, 19.65
1724084195, 69, NaN, 19.65
1724084196, 69, NaN, 19.69
1724084197, 68, NaN, 19.69
1724084198, 68, NaN, 19.69
1724084199, 68, NaN, 19.74
1724084200, 67, NaN, 19.74
1724084201, 67, NaN, 19.74
1724084202, 67, NaN, 19.74
1724084203, 67, NaN, 19.68
1724084204, 66, NaN, 19.68
1724084205, 65, NaN, 19.94
1724084206, 64, 16.0, 19.94
1724084207, 63, 16.0, 19.94
1724084208, 63, 16.0, 19.94
1724084209, 63, 16.0, 19.8
1724084210, 63, 16.0, 19.8
1724084211, 63, 12.0, 19.95
1724084212, 63, 12.0, 19.95
1724084213, 63, 12.0, 19.95
1724084214, 63, 12.0, 19.95
1724084215, 63, 12.0, 19.82
1724084216, 62, 10.0, 19.82
1724084217, 62, 10.0, 20.02
1724084218, 62, 10.0, 20.02
1724084219, 62, 10.0, 20.02
1724084220, 62, 10.0, 20.02
1724084221, 62, 8.0, 19.95
1724084222, 62, 8.0, 19.95
1724084223, 62, 8.0, 20.02
1724084224, 61, 8.0, 20.02
1724084225, 61, 8.0, 20.02
1724084226, 63, 7.0, 20.12
1724084227, 64, 7.0, 20.12
1724084228, 64, 7.0, 20.24
1724084229, 65, 7.0, 20.24
1724084230, 67, 7.0, 20.24
1724084231, 68, 7.0, 20.51
1724084232, 69, 7.0, 20.51
1724084233, 71, 7.0, 23.03
1724084234, 71, 7.0, 23.03
1724084235, 71, 7.0, 23.03
1724084236, 73, 8.0, 23.87
1724084237, 74, 8.0, 23.87
1724084238, 73, 8.0, 24.05
1724084239, 72, 8.0, 24.05
1724084240, 70, 8.0, 24.05
1724084241, 69, NaN, 23.97
1724084242, 69, NaN, 23.97
1724084243, 68, NaN, 23.97
1724084244, 68, NaN, 23.92
1724084245, 69, NaN, 23.92
1724084246, 69, 10.0, 24.01
1724084247, 69, 10.0, 24.01
1724084248, 69, 10.0, 24.01
1724084249, 68, 10.0, 23.94
1724084250, 68, 10.0, 23.94
1724084251, 68, 12.0, 23.94
1724084252, 68, 12.0, 23.92
1724084253, 68, 12.0, 23.92
1724084254, 68, 12.0, 23.92
1724084255, 68, 12.0, 23.92
1724084256, 68, 15.0, 23.92
1724084257, 67, 15.0, 23.92
1724084258, 68, 15.0, 23.92
1724084259, 68, 15.0, 23.85
1724084260, 68, 15.0, 23.85
1724084261, 68, 17.0, 23.85
1724084262, 69, 17.0, 23.85
1724084263, 69, 17.0, 23.85
1724084264, 69, 17.0, 23.85
1724084265, 70, 17.0, 23.85
1724084266, 70, 16.0, 23.85
1724084267, 71, 16.0, 23.77
1724084268, 71, 16.0, 23.77
1724084269, 71, 16.0, 23.77
1724084270, 72, 16.0, 23.77
1724084271, 72, 17.0, 23.69
1724084272, 73, 17.0, 23.69
1724084273, 74, 17.0, 23.69
1724084274, 75, 17.0, 23.67
1724084275, 76, 17.0, 23.67
1724084276, 76, 19.0, 23.67
1724084277, 77, 19.0, 23.67
1724084278, 78, 19.0, 23.55
1724084279, 78, 19.0, 23.55
1724084280, 78, 19.0, 23.55
1724084281, 79, 20.0, 23.55
1724084282, 79, 20.0, 23.55
1724084283, 80, 20.0, 23.55
1724084284, 80, 20.0, 23.31
1724084285, 80, 20.0, 23.31
1724084286, 81, 22.0, 23.31
1724084287, 81, 22.0, 23.29
1724084288, 81, 22.0, 23.29
1724084289, 81, 22.0, 23.27
1724084290, 81, 22.0, 23.27
1724084291, 81, 24.0, 23.27
1724084292, 81, 24.0, 23.27
1724084293, 81, 24.0, 23.16
1724084294, 81, 24.0, 23.16
1724084295, 80, 24.0, 23.16
1724084296, 79, 26.0, 23.09
1724084297, 80, 26.0, 23.09
1724084298, 80, 26.0, 23.09
1724084299, 80, 26.0, 23.09
1724084300, 80, 26.0, 22.65
1724084301, 80, 29.0, 22.65
1724084302, 81, 29.0, 22.6
1724084303, 81, 29.0, 22.6
1724084304, 80, 29.0, 22.6
1724084305, 81, 29.0, 22.6
1724084306, 82, 29.0, 22.19
1724084307, 82, 29.0, 22.19
1724084308, 82, 29.0, 22.19
1724084309, 82, 29.0, 22.19
1724084310, 81, 29.0, 22.19
1724084311, 82, 30.0, 21.87
1724084312, 82, 30.0, 21.87
1724084313, 82, 30.0, 21.87
1724084314, 80, 30.0, 21.87
1724084315, 80, 30.0, 21.63
1724084316, 80, 30.0, 21.63
1724084317, 79, 30.0, 21.63
1724084318, 79, 30.0, 21.63
1724084319, 78, 30.0, 21.4
1724084320, 77, 30.0, 21.4
1724084321, 78, 29.0, 21.4
1724084322, 78, 29.0, 21.4
1724084323, 77, 29.0, 21.4
1724084324, 78, 29.0, 21.4
1724084325, 77, 29.0, 21.4
1724084326, 78, 25.0, 21.4
1724084327, 78, 25.0, 21.11
1724084328, 80, 25.0, 21.11
1724084329, 80, 25.0, 21.11
1724084330, 80, 25.0, 20.9
1724084331, 80, 25.0, 20.9
1724084332, 80, 25.0, 20.9
1724084333, 81, 25.0, 20.9
1724084334, 82, 25.0, 20.9
1724084335, 83, 25.0, 20.91
1724084336, 82, 25.0, 20.91
1724084337, 82, 25.0, 20.91
1724084338, 83, 25.0, 20.71
1724084339, 82, 25.0, 20.71
1724084340, 82, 25.0, 20.75
1724084341, 81, 25.0, 20.75
1724084342, 80, 25.0, 20.75
1724084343, 81, 25.0, 20.75
1724084344, 82, 25.0, 20.59
1724084345, 84, 25.0, 20.59
1724084346, 85, 25.0, 20.59
1724084347, 83, 25.0, 20.59
1724084348, 82, 25.0, 20.46
1724084349, 82, 25.0, 20.46
1724084350, 82, 25.0, 20.46
1724084351, 82, 25.0, 20.46
1724084352, 81, 25.0, 20.55
1724084353, 82, 25.0, 20.6
1724084354, 83, 25.0, 20.6
1724084355, 83, 25.0, 20.6
1724084356, 84, 29.0, 20.6
1724084357, 84, 29.0, 20.6
1724084358, 84, 29.0, 20.6
1724084359, 82, 29.0, 20.6
1724084360, 80, 29.0, 20.48
1724084361, 80, 30.0, 20.48
1724084362, 79, 30.0, 20.48
1724084363, 79, 30.0, 20.48
1724084364, 78, 30.0, 20.41
1724084365, 79, 30.0, 20.41
1724084366, 82, 30.0, 20.41
1724084367, 80, 30.0, 20.43
1724084368, 76, 30.0, 20.43
1724084369, 73, 30.0, 20.43
1724084370, 70, 30.0, 20.37
1724084371, 67, 30.0, 20.37
1724084372, 66, 30.0, 20.37
1724084373, 67, 30.0, 20.37
1724084374, 67, 30.0, 20.32
1724084375, 67, 30.0, 20.32
1724084376, 68, 29.0, 20.32
1724084377, 68, 29.0, 20.32
1724084378, 68, 29.0, 20.12
1724084379, 68, 29.0, 20.12
1724084380, 68, 29.0, 20.28
1724084381, 69, 28.0, 20.28
1724084382, 69, 28.0, 20.44
1724084383, 69, 28.0, 20.44
1724084384, 69, 28.0, 20.44
1724084385, 69, 28.0, 20.42
1724084386, 69, 27.0, 20.42
1724084387, 69, 27.0, 20.42
1724084388, 69, 27.0, 20.42
1724084389, 69, 27.0, 20.42
1724084390, 70, 27.0, 20.29
1724084391, 70, 27.0, 20.29
1724084392, 71, 27.0, 20.29
1724084393, 72, 27.0, 20.33
1724084394, 73, 27.0, 20.33
1724084395, 74, 27.0, 20.4
1724084396, 75, 27.0, 20.4
1724084397, 76, 27.0, 20.4
1724084398, 76, 27.0, 20.49
1724084399, 77, 27.0, 20.49
1724084400, 78, 27.0, 20.57
1724084401, 79, 27.0, 20.57
1724084402, 80, 27.0, 20.57
1724084403, 81, 27.0, 22.67
1724084404, 81, 27.0, 22.67
1724084405, 81, 27.0, 22.67
1724084406, 81, 27.0, 22.67
1724084407, 81, 27.0, 22.5
1724084408, 80, 27.0, 22.5
1724084409, 80, 27.0, 22.5
1724084410, 78, 27.0, 22.5
1724084411, 76, 24.0, 22.5
1724084412, 73, 24.0, 22.41
1724084413, 71, 24.0, 22.41
1724084414, 71, 24.0, 22.28
1724084415, 70, 24.0, 22.28
1724084416, 69, 23.0, 22.28
1724084417, 69, 23.0, 22.23
1724084418, 69, 23.0, 22.23
1724084419, 69, 23.0, 22.23
1724084420, 69, 23.0, 22.23
1724084421, 69, 22.0, 22.23
1724084422, 69, 22.0, 22.23
1724084423, 70, 22.0, 22.23
1724084424, 70, 22.0, 21.87
1724084425, 70, 22.0, 21.87
1724084426, 70, 21.0, 21.87
1724084427, 70, 21.0, 21.87
1724084428, 70, 21.0, 21.87
1724084429, 70, 21.0, 21.87
1724084430, 70, 21.0, 21.87
1724084431, 70, 19.0, 21.87
1724084432, 70, 19.0, 21.87
1724084433, 70, 19.0, 21.87
1724084434, 70, 19.0, 21.87
1724084435, 70, 19.0, 21.87
1724084436, 70, 18.0, 21.87
1724084437, 70, 18.0, 21.66
1724084438, 70, 18.0, 21.66
1724084439, 69, 18.0, 21.66
1724084440, 69, 18.0, 21.66
1724084441, 69, NaN, 21.66
1724084442, 69, NaN, 21.66
1724084443, 69, NaN, 21.46
1724084444, 69, NaN, 21.46
1724084445, 69, NaN, 21.46
1724084446, 69, NaN, 21.46
1724084447, 70, NaN, 21.36
1724084448, 72, NaN, 21.36
1724084449, 75, NaN, 21.36
1724084450, 80, NaN, 21.36
1724084451, 80, 19.0, 21.36
1724084452, 81, 19.0, 21.01
1724084453, 88, 19.0, 21.01
1724084454, 99, 19.0, 21.03
1724084455, 105, 19.0, 21.03
1724084456, 110, 22.0, 21.03
1724084457, 109, 22.0, 21.03
1724084458, 108, 22.0, 21.03
1724084459, 107, 22.0, 21.03
1724084460, 107, 22.0, 21.03
1724084461, 109, 40.0, 21.03
1724084462, 111, 40.0, 21.03
1724084463, 111, 40.0, 21.03
1724084464, 111, 40.0, 21.03
1724084465, 112, 40.0, 21.03
1724084466, 111, 62.0, 21.03
1724084467, 109, 62.0, 21.03
1724084468, 107, 62.0, 20.82
1724084469, 104, 62.0, 20.72
1724084470, 98, 62.0, 20.72
1724084471, 88, 68.0, 20.72
1724084472, 82, 68.0, 20.72
1724084473, 82, 68.0, 20.72
1724084474, 82, 68.0, 20.58
1724084475, 82, 68.0, 20.58
1724084476, 82, 63.0, 20.58
1724084477, 82, 63.0, 20.58
1724084478, 82, 63.0, 20.54
1724084479, 82, 63.0, 20.54
1724084480, 82, 63.0, 20.54
1724084481, 81, 63.0, 20.54
1724084482, 81, 63.0, 20.26
1724084483, 81, 63.0, 20.26
1724084484, 81, 63.0, 20.26
1724084485, 81, 63.0, 20.26
1724084486, 80, 64.0, 20.26
1724084487, 80, 64.0, 20.26
1724084488, 79, 64.0, 19.55
1724084489, 78, 64.0, 19.55
1724084490, 78, 64.0, 19.55
1724084491, 78, 56.0, 19.66
1724084492, 75, 56.0, 19.72
1724084493, 75, 56.0, 19.72
1724084494, 74, 56.0, 19.72
1724084495, 75, 56.0, 19.75
1724084496, 75, 46.0, 19.75
1724084497, 74, 46.0, 19.75
1724084498, 73, 46.0, 19.75
1724084499, 73, 46.0, 19.69
1724084500, 74, 46.0, 19.69
1724084501, 74, NaN, 19.87
1724084502, 75, NaN, 19.87
1724084503, 77, NaN, 19.87
1724084504, 78, NaN, 20.07
1724084505, 78, NaN, 20.07
1724084506, 79, NaN, 20.28
1724084507, 79, NaN, 20.28
1724084508, 79, NaN, 20.28
1724084509, 79, NaN, 20.28
1724084510, 79, NaN, 20.14
1724084511, 79, 39.0, 20.14
1724084512, 78, 39.0, 20.14
1724084513, 78, 39.0, 20.14
1724084514, 77, 39.0, 20.14
1724084515, 76, 39.0, 20.28
1724084516, 75, 36.0, 20.28
1724084517, 73, 36.0, 20.12
1724084518, 70, 36.0, 20.12
1724084519, 68, 36.0, 20.12
1724084520, 68, 36.0, 20.12
1724084521, 68, 27.0, 20.12
1724084522, 68, 27.0, 20.12
1724084523, 68, 27.0, 20.12
1724084524, 68, 27.0, 20.12
1724084525, 68, 27.0, 20.12
1724084526, 68, 24.0, 19.96
1724084527, 68, 24.0, 19.96
1724084528, 67, 24.0, 19.96
1724084529, 66, 24.0, 19.96
1724084530, 66, 24.0, 19.96
1724084531, 67, 23.0, 19.96
1724084532, 68, 23.0, 19.96
1724084533, 68, 23.0, 19.96
1724084534, 68, 23.0, 19.96
1724084535, 68, 23.0, 19.96
1724084536, 68, 23.0, 19.96
1724084537, 67, 23.0, 19.96
1724084538, 67, 23.0, 19.96
1724084539, 67, 23.0, 19.96
1724084540, 66, 23.0, 19.96
1724084541, 66, 21.0, 19.71
1724084542, 66, 21.0, 19.71
1724084543, 69, 21.0, 19.71
1724084544, 73, 21.0, 19.71
1724084545, 78, 21.0, 19.7
1724084546, 79, NaN, 19.78
1724084547, 79, NaN, 19.78
1724084548, 79, NaN, 19.78
1724084549, 79, NaN, 19.84
1724084550, 79, NaN, 19.84
1724084551, 79, 21.0, 19.84
1724084552, 79, 21.0, 19.84
1724084553, 79, 21.0, 19.84
1724084554, 78, 21.0, 19.84
1724084555, 78, 21.0, 19.84
1724084556, 76, 22.0, 19.84
1724084557, 75, 22.0, 19.84
1724084558, 74, 22.0, 19.84
1724084559, 72, 22.0, 19.69
1724084560, 72, 22.0, 19.69
1724084561, 72, 23.0, 19.69
1724084562, 72, 23.0, 19.69
1724084563, 73, 23.0, 19.67
1724084564, 75, 23.0, 19.67
1724084565, 75, 23.0, 19.7
1724084566, 76, NaN, 19.7
1724084567, 76, NaN, 19.7
1724084568, 77, NaN, 19.7
1724084569, 78, NaN, 19.65
1724084570, 79, NaN, 19.65
1724084571, 81, NaN, 19.65
1724084572, 81, NaN, 19.65
1724084573, 81, NaN, 19.54
1724084574, 81, NaN, 19.54
1724084575, 81, NaN, 19.54
1724084576, 80, 27.0, 19.54
1724084577, 80, 27.0, 19.83
1724084578, 81, 27.0, 20.03
1724084579, 81, 27.0, 20.03
1724084580, 81, 27.0, 20.03
1724084581, 81, 29.0, 20.03
1724084582, 80, 29.0, 20.03
1724084583, 80, 29.0, 20.03
1724084584, 81, 29.0, 20.03
1724084585, 81, 29.0, 19.82
1724084586, 82, 30.0, 19.82
1724084587, 80, 30.0, 19.82
1724084588, 79, 30.0, 19.82
1724084589, 80, 30.0, 19.82
1724084590, 79, 30.0, 19.78
1724084591, 79, 32.0, 19.78
1724084592, 77, 32.0, 19.78
1724084593, 75, 32.0, 19.68
1724084594, 74, 32.0, 19.68
1724084595, 73, 32.0, 19.68
1724084596, 73, 33.0, 19.68
1724084597, 74, 33.0, 19.54
1724084598, 73, 33.0, 19.54
1724084599, 73, 33.0, 19.64
1724084600, 71, 33.0, 19.64
1724084601, 70, 31.0, 19.64
1724084602, 71, 31.0, 19.76
1724084603, 76, 31.0, 19.76
1724084604, 76, 31.0, 19.76
1724084605, 78, 31.0, 19.76
1724084606, 78, 30.0, 19.76
1724084607, 78, 30.0, 19.76
1724084608, 78, 30.0, 19.76
1724084609, 77, 30.0, 19.51
1724084610, 77, 30.0, 19.51
1724084611, 77, 30.0, 19.51
1724084612, 77, 30.0, 19.51
1724084613, 75, 30.0, 19.42
1724084614, 77, 30.0, 19.42
1724084615, 81, 30.0, 19.42
1724084616, 84, 30.0, 19.48
1724084617, 86, 30.0, 19.48
1724084618, 86, 30.0, 19.48
1724084619, 86, 30.0, 19.48
