Timestamp, HR(bpm), Stress(ms), Resp(brpm)
1724253163, 77, 32.0, NaN
1724253164, 77, 32.0, NaN
1724253165, 77, 32.0, NaN
1724253166, 77, 32.0, NaN
1724253167, 77, 32.0, NaN
1724253168, 77, 32.0, NaN
1724253169, 78, 32.0, NaN
1724253170, 78, 32.0, NaN
1724253171, 78, 32.0, NaN
1724253172, 78, 32.0, NaN
1724253173, 78, 32.0, NaN
1724253174, 78, 32.0, NaN
1724253175, 78, 32.0, NaN
1724253176, 78, 32.0, NaN
1724253177, 78, 32.0, NaN
1724253178, 78, 32.0, NaN
1724253179, 78, 32.0, NaN
1724253180, 78, 32.0, NaN
1724253181, 78, 32.0, 11.97
1724253182, 79, 32.0, 11.97
1724253183, 79, 32.0, 11.97
1724253184, 79, 32.0, 11.97
1724253185, 80, 32.0, 11.97
1724253186, 80, 32.0, 11.97
1724253187, 80, 32.0, 11.99
1724253188, 80, 32.0, 11.99
1724253189, 81, 32.0, 12.04
1724253190, 81, 32.0, 12.04
1724253191, 81, 33.0, 12.04
1724253192, 82, 33.0, 12.1
1724253193, 82, 33.0, 12.1
1724253194, 82, 33.0, 12.1
1724253195, 83, 33.0, 12.1
1724253196, 83, 36.0, 12.1
1724253197, 83, 36.0, 12.1
1724253198, 83, 36.0, 12.09
1724253199, 83, 36.0, 12.09
1724253200, 83, 36.0, 12.09
1724253201, 84, 41.0, 12.27
1724253202, 83, 41.0, 12.27
1724253203, 83, 41.0, 12.27
1724253204, 84, 41.0, 12.44
1724253205, 84, 41.0, 12.44
1724253206, 83, 45.0, 12.44
1724253207, 84, 45.0, 12.44
1724253208, 82, 45.0, 12.5
1724253209, 80, 45.0, 12.5
1724253210, 67, 45.0, 12.5
1724253211, 61, 50.0, 12.5
1724253212, 58, 50.0, 12.5
1724253213, 58, 50.0, 12.5
1724253214, 57, 50.0, 12.5
1724253215, 56, 50.0, 12.5
1724253216, 55, 36.0, 12.44
1724253217, 54, 36.0, 12.44
1724253218, 53, 36.0, 12.44
1724253219, 53, 36.0, 12.44
1724253220, 53, 36.0, 12.48
1724253221, 54, 24.0, 12.48
1724253222, 54, 24.0, 12.48
1724253223, 56, 24.0, 12.58
1724253224, 60, 24.0, 12.58
1724253225, 62, 24.0, 12.69
1724253226, 63, 18.0, 12.69
1724253227, 64, 18.0, 12.69
1724253228, 65, 18.0, 12.69
1724253229, 65, 18.0, 12.79
1724253230, 65, 18.0, 12.79
1724253231, 65, 14.0, 12.94
1724253232, 65, 14.0, 12.94
1724253233, 65, 14.0, 12.94
1724253234, 65, 14.0, 13.46
1724253235, 65, 14.0, 13.46
1724253236, 65, 10.0, 13.46
1724253237, 65, 10.0, 13.46
1724253238, 65, 10.0, 13.88
1724253239, 65, 10.0, 14.25
1724253240, 64, 10.0, 14.25
1724253241, 65, 5.0, 14.25
1724253242, 68, 5.0, 14.25
1724253243, 72, 5.0, 14.25
1724253244, 75, 5.0, 14.25
1724253245, 76, 5.0, 14.25
1724253246, 76, NaN, 14.23
1724253247, 76, NaN, 14.23
1724253248, 76, NaN, 14.25
1724253249, 76, NaN, 14.25
1724253250, 76, NaN, 14.25
1724253251, 76, NaN, 14.25
1724253252, 75, NaN, 14.29
1724253253, 75, NaN, 14.29
1724253254, 75, NaN, 14.29
1724253255, 75, NaN, 14.37
1724253256, 75, NaN, 14.37
1724253257, 74, NaN, 14.37
1724253258, 74, NaN, 14.37
1724253259, 73, NaN, 14.37
1724253260, 73, NaN, 14.43
1724253261, 73, NaN, 14.43
1724253262, 73, NaN, 14.43
1724253263, 73, NaN, 14.43
1724253264, 73, NaN, 14.19
1724253265, 73, NaN, 14.19
1724253266, 73, NaN, 14.19
1724253267, 73, NaN, 14.19
1724253268, 69, NaN, 14.19
1724253269, 67, NaN, 14.06
1724253270, 66, NaN, 14.06
1724253271, 66, 17.0, 14.06
1724253272, 66, 17.0, 14.24
1724253273, 66, 17.0, 14.24
1724253274, 66, 17.0, 14.24
1724253275, 65, 17.0, 14.24
1724253276, 65, 16.0, 14.24
1724253277, 65, 16.0, 14.21
1724253278, 66, 16.0, 14.21
1724253279, 67, 16.0, 14.21
1724253280, 67, 16.0, 14.21
1724253281, 68, 16.0, 14.21
1724253282, 69, 16.0, 14.21
1724253283, 70, 16.0, 14.21
1724253284, 72, 16.0, 14.36
1724253285, 73, 16.0, 14.36
1724253286, 74, 17.0, 14.36
1724253287, 75, 17.0, 14.36
1724253288, 76, 17.0, 14.36
1724253289, 77, 17.0, 14.36
1724253290, 78, 17.0, 14.36
1724253291, 79, 19.0, 14.29
1724253292, 80, 19.0, 14.29
1724253293, 80, 19.0, 14.29
1724253294, 80, 19.0, 14.36
1724253295, 79, 19.0, 14.36
1724253296, 79, 20.0, 14.36
1724253297, 78, 20.0, 14.36
1724253298, 80, 20.0, 14.37
1724253299, 83, 20.0, 14.37
1724253300, 87, 20.0, 14.49
1724253301, 88, 22.0, 14.49
1724253302, 88, 22.0, 14.49
1724253303, 89, 22.0, 14.49
1724253304, 88, 22.0, 14.49
1724253305, 89, 22.0, 14.49
1724253306, 88, 25.0, 14.49
1724253307, 89, 25.0, 14.66
1724253308, 90, 25.0, 14.66
1724253309, 100, 25.0, 14.66
1724253310, 111, 25.0, 14.66
1724253311, 113, 33.0, 14.66
1724253312, 112, 33.0, 14.66
1724253313, 113, 33.0, 14.66
1724253314, 112, 33.0, 14.66
1724253315, 110, 33.0, 14.63
1724253316, 108, 46.0, 14.63
1724253317, 105, 46.0, 14.63
1724253318, 103, 46.0, 14.63
1724253319, 101, 46.0, 14.63
1724253320, 100, 46.0, 14.49
1724253321, 99, 54.0, 14.49
1724253322, 98, 54.0, 14.49
1724253323, 95, 54.0, 14.49
1724253324, 93, 54.0, 14.49
1724253325, 92, 54.0, 14.49
1724253326, 91, 62.0, 14.49
1724253327, 90, 62.0, 14.36
1724253328, 90, 62.0, 14.36
1724253329, 90, 62.0, 14.36
1724253330, 90, 62.0, 14.36
1724253331, 87, 69.0, 13.61
1724253332, 82, 69.0, 13.61
1724253333, 77, 69.0, 13.61
1724253334, 74, 69.0, 13.61
1724253335, 73, 69.0, 13.8
1724253336, 70, 73.0, 13.8
1724253337, 67, 73.0, 13.8
1724253338, 58, 73.0, 13.8
1724253339, 57, 73.0, 13.8
1724253340, 57, 73.0, 13.76
1724253341, 57, 68.0, 13.76
1724253342, 58, 68.0, 13.89
1724253343, 58, 68.0, 13.89
1724253344, 58, 68.0, 13.89
1724253345, 58, 68.0, 13.89
1724253346, 58, 57.0, 13.86
1724253347, 58, 57.0, 13.86
1724253348, 57, 57.0, 13.86
1724253349, 56, 57.0, 13.86
1724253350, 56, 57.0, 13.86
1724253351, 56, 42.0, 13.86
1724253352, 56, 42.0, 13.88
1724253353, 57, 42.0, 13.88
1724253354, 57, 42.0, 13.88
1724253355, 58, 42.0, 13.88
1724253356, 58, 26.0, 13.88
1724253357, 58, 26.0, 13.88
1724253358, 58, 26.0, 13.8
1724253359, 58, 26.0, 13.8
1724253360, 59, 26.0, 13.8
1724253361, 59, 20.0, 13.8
1724253362, 59, 20.0, 13.8
1724253363, 59, 20.0, 13.8
1724253364, 59, 20.0, 13.89
1724253365, 58, 20.0, 13.89
1724253366, 58, 14.0, 13.89
1724253367, 58, 14.0, 13.89
1724253368, 59, 14.0, 13.89
1724253369, 58, 14.0, 13.89
1724253370, 58, 14.0, 13.89
1724253371, 58, 10.0, 13.89
1724253372, 58, 10.0, 13.89
1724253373, 58, 10.0, 13.72
1724253374, 58, 10.0, 13.72
1724253375, 58, 10.0, 13.72
1724253376, 58, 7.0, 13.72
1724253377, 57, 7.0, 13.72
1724253378, 57, 7.0, 13.66
1724253379, 57, 7.0, 13.66
1724253380, 57, 7.0, 13.77
1724253381, 56, 5.0, 13.77
1724253382, 56, 5.0, 13.77
1724253383, 56, 5.0, 13.77
1724253384, 56, 5.0, 13.77
1724253385, 56, 5.0, 13.73
1724253386, 56, 3.0, 13.73
1724253387, 56, 3.0, 13.73
1724253388, 56, 3.0, 13.73
1724253389, 57, 3.0, 13.75
1724253390, 57, 3.0, 13.75
1724253391, 60, 2.0, 13.75
1724253392, 66, 2.0, 13.75
1724253393, 70, 2.0, 13.8
1724253394, 72, 2.0, 13.8
1724253395, 74, 2.0, 13.8
1724253396, 76, NaN, 13.8
1724253397, 77, NaN, 14.01
1724253398, 77, NaN, 14.01
1724253399, 76, NaN, 14.01
1724253400, 76, NaN, 14.02
1724253401, 76, NaN, 14.02
1724253402, 76, NaN, 14.02
1724253403, 76, NaN, 14.02
1724253404, 76, NaN, 14.02
1724253405, 76, NaN, 13.92
1724253406, 76, NaN, 13.92
1724253407, 76, NaN, 13.92
1724253408, 77, NaN, 14.09
1724253409, 76, NaN, NaN
1724253444, 72, NaN, 14.09
1724253445, 72, NaN, 13.9
1724253446, 73, NaN, 13.9
1724253447, 74, NaN, 13.9
1724253448, 72, NaN, 13.9
1724253449, 73, NaN, 13.9
1724253450, 73, NaN, 13.88
1724253451, 74, NaN, 13.88
1724253452, 75, NaN, 13.88
1724253453, 74, NaN, 14.0
1724253454, 76, NaN, 14.0
1724253455, 77, NaN, 14.0
1724253456, 80, NaN, 14.0
1724253457, 82, NaN, 14.0
1724253458, 86, NaN, 14.0
1724253459, 89, NaN, 14.0
1724253460, 91, NaN, 14.0
1724253461, 93, 50.0, 13.91
1724253462, 90, 50.0, 14.03
1724253463, 88, 50.0, 14.03
1724253464, 86, 50.0, 14.03
1724253465, 83, 50.0, 14.03
1724253466, 82, 63.0, 14.03
1724253467, 82, 63.0, 14.03
1724253468, 81, 63.0, 14.03
1724253469, 81, 63.0, 14.03
1724253470, 82, 63.0, 14.03
1724253471, 82, 57.0, 14.03
1724253472, 82, 57.0, 13.89
1724253473, 83, 57.0, 13.89
1724253474, 84, 57.0, 13.89
1724253475, 84, 57.0, 13.96
1724253476, 84, 57.0, 13.96
1724253477, 85, 57.0, 13.96
1724253478, 87, 57.0, 14.08
1724253479, 89, 57.0, 14.08
1724253480, 90, 57.0, 14.25
1724253481, 93, 59.0, 14.25
1724253482, 92, 59.0, 14.25
1724253483, 92, 59.0, 14.25
1724253484, 90, 59.0, 14.25
1724253485, 91, 59.0, 14.25
1724253486, 91, 61.0, 14.25
1724253487, 90, 61.0, 14.25
1724253488, 88, 61.0, 14.25
1724253489, 84, 61.0, 14.17
1724253490, 83, 61.0, 14.17
1724253491, 81, 65.0, 14.17
1724253492, 80, 65.0, 14.17
1724253493, 79, 65.0, 14.33
1724253494, 79, 65.0, 14.33
1724253495, 79, 65.0, 14.33
1724253496, 78, 58.0, 14.33
1724253497, 78, 58.0, 14.33
1724253498, 78, 58.0, 14.16
1724253499, 77, 58.0, 14.16
1724253500, 78, 58.0, 14.16
1724253501, 78, 57.0, 14.16
1724253502, 78, 57.0, 14.16
1724253503, 80, 57.0, 14.16
1724253504, 81, 57.0, 14.16
1724253505, 82, 57.0, 14.16
1724253506, 83, 53.0, 14.16
1724253507, 84, 53.0, 14.16
1724253508, 83, 53.0, 13.68
1724253509, 82, 53.0, 13.83
1724253510, 81, 53.0, 13.83
1724253511, 81, 50.0, 13.83
1724253512, 81, 50.0, 13.83
1724253513, 81, 50.0, 13.83
1724253514, 81, 50.0, 13.83
1724253515, 82, 50.0, 13.64
1724253516, 82, 45.0, 13.64
1724253517, 81, 45.0, 13.64
1724253518, 80, 45.0, 13.64
1724253519, 79, 45.0, 13.85
1724253520, 78, 45.0, 13.85
1724253521, 75, 36.0, 13.85
1724253522, 74, 36.0, 13.91
1724253523, 72, 36.0, 13.91
1724253524, 73, 36.0, 13.91
1724253525, 74, 36.0, 13.91
1724253526, 75, 36.0, 14.12
1724253527, 76, 36.0, 14.12
1724253528, 78, 36.0, 14.12
1724253529, 77, 36.0, 14.12
1724253530, 77, 36.0, 14.12
1724253531, 78, 27.0, 14.12
1724253532, 78, 27.0, 14.26
1724253533, 79, 27.0, 14.26
1724253534, 81, 27.0, 14.26
1724253535, 81, 27.0, 13.98
1724253536, 81, 23.0, 13.98
1724253537, 81, 23.0, 13.98
1724253538, 83, 23.0, 13.98
1724253539, 86, 23.0, 14.41
1724253540, 88, 23.0, 14.41
1724253541, 88, 22.0, 14.71
1724253542, 89, 22.0, 14.71
1724253543, 88, 22.0, 14.71
1724253544, 88, 22.0, 14.92
1724253545, 90, 22.0, 14.92
1724253546, 89, 21.0, 15.12
1724253547, 90, 21.0, 15.12
1724253548, 90, 21.0, 15.12
1724253549, 91, 21.0, 16.0
1724253550, 91, 21.0, 16.0
1724253551, 91, 22.0, 19.96
1724253552, 92, 22.0, 19.96
1724253553, 93, 22.0, 19.96
1724253554, 94, 22.0, 19.96
1724253555, 93, 22.0, 19.96
1724253556, 93, 22.0, 19.96
1724253557, 93, 22.0, 19.96
1724253558, 93, 22.0, 19.96
1724253559, 92, 22.0, 19.96
1724253560, 91, 22.0, 19.96
1724253561, 90, 24.0, 19.96
1724253562, 90, 24.0, 19.96
1724253563, 89, 24.0, 19.89
1724253564, 88, 24.0, 19.89
1724253565, 88, 24.0, 19.89
1724253566, 87, 37.0, 19.89
1724253567, 86, 37.0, 19.89
1724253568, 86, 37.0, 19.89
1724253569, 85, 37.0, 19.89
1724253570, 85, 37.0, 19.84
1724253571, 85, 45.0, 19.84
1724253572, 85, 45.0, 19.84
1724253573, 84, 45.0, 19.84
1724253574, 83, 45.0, 19.84
1724253575, 81, 45.0, 19.84
1724253576, 83, 51.0, 19.84
1724253577, 83, 51.0, 19.84
1724253578, 85, 51.0, 19.84
1724253579, 86, 51.0, 19.79
1724253580, 86, 51.0, 19.76
1724253581, 85, 55.0, 19.76
1724253582, 83, 55.0, 19.76
1724253583, 82, 55.0, 19.73
1724253584, 83, 55.0, 19.73
1724253585, 84, 55.0, 19.73
1724253586, 84, 58.0, 19.73
1724253587, 83, 58.0, 19.73
1724253588, 83, 58.0, 19.83
1724253589, 80, 58.0, 19.83
1724253590, 78, 58.0, 19.83
1724253591, 77, 59.0, 19.83
1724253592, 77, 59.0, 19.83
1724253593, 77, 59.0, 19.83
1724253594, 77, 59.0, 19.83
1724253595, 77, 59.0, 19.83
1724253596, 77, 53.0, 19.7
1724253597, 77, 53.0, 19.7
1724253598, 78, 53.0, 19.7
1724253599, 77, 53.0, 19.7
1724253600, 76, 53.0, 19.58
1724253601, 76, 46.0, 19.58
1724253602, 75, 46.0, 19.58
1724253603, 75, 46.0, 19.58
1724253604, 75, 46.0, 19.52
1724253605, 74, 46.0, 19.52
1724253606, 74, NaN, 19.52
1724253607, 74, NaN, 19.52
1724253608, 74, NaN, 19.52
1724253609, 74, NaN, 19.43
1724253610, 74, NaN, 19.43
1724253611, 74, NaN, 19.43
1724253612, 74, NaN, 19.43
1724253613, 74, NaN, 19.43
1724253614, 74, NaN, 19.43
1724253615, 74, NaN, 19.43
1724253616, 75, NaN, 19.43
1724253617, 75, NaN, 19.43
1724253618, 76, NaN, 19.43
1724253619, 76, NaN, 19.43
1724253620, 76, NaN, 19.43
1724253621, 76, NaN, 18.66
1724253622, 76, NaN, 18.66
1724253623, 76, NaN, 18.66
1724253624, 76, NaN, 18.66
1724253625, 76, NaN, 18.02
1724253626, 76, NaN, 18.02
1724253627, 76, NaN, 18.02
1724253628, 77, NaN, 18.03
1724253629, 78, NaN, 18.03
1724253630, 80, NaN, 18.03
1724253631, 83, 32.0, 18.1
1724253632, 85, 32.0, 18.1
1724253633, 88, 32.0, 18.1
1724253634, 91, 32.0, 18.14
1724253635, 93, 32.0, 18.14
1724253636, 93, 48.0, 18.23
1724253637, 94, 48.0, 18.23
1724253638, 93, 48.0, 18.23
1724253639, 94, 48.0, 18.23
1724253640, 94, 48.0, 18.23
1724253641, 94, 58.0, 18.1
1724253642, 94, 58.0, 18.1
1724253643, 94, 58.0, 18.1
1724253644, 94, 58.0, 18.1
1724253645, 94, 58.0, 18.23
1724253646, 94, 52.0, 18.23
1724253647, 94, 52.0, 18.23
1724253648, 94, 52.0, 18.14
1724253649, 94, 52.0, 18.14
1724253650, 94, 52.0, 18.14
1724253651, 95, 48.0, 18.14
1724253652, 97, 48.0, 18.11
1724253653, 97, 48.0, 18.11
1724253654, 96, 48.0, 18.11
1724253655, 97, 48.0, 18.16
1724253656, 95, 46.0, 18.16
1724253657, 92, 46.0, 18.16
1724253658, 89, 46.0, 18.27
1724253659, 91, 46.0, 18.27
1724253660, 92, 46.0, 18.27
1724253661, 93, 53.0, 18.27
1724253662, 93, 53.0, 18.14
1724253663, 93, 53.0, 18.14
1724253664, 91, 53.0, 18.14
1724253665, 91, 53.0, 18.14
1724253666, 90, 50.0, 18.01
1724253667, 91, 50.0, 18.01
1724253668, 89, 50.0, 18.01
1724253669, 89, 50.0, 17.97
1724253670, 88, 50.0, 17.97
1724253671, 88, 45.0, 17.97
1724253672, 88, 45.0, 17.97
1724253673, 89, 45.0, 17.77
1724253674, 90, 45.0, 17.77
1724253675, 91, 45.0, 17.77
1724253676, 91, 45.0, 17.77
1724253677, 91, 45.0, 17.85
1724253678, 91, 45.0, 17.85
1724253679, 91, 45.0, 17.85
1724253680, 91, 45.0, 17.29
1724253681, 91, 50.0, 17.29
1724253682, 91, 50.0, 17.29
1724253683, 92, 50.0, 17.29
1724253684, 91, 50.0, 17.29
1724253685, 91, 50.0, 17.47
1724253686, 91, 57.0, 17.47
1724253687, 92, 57.0, 17.47
1724253688, 92, 57.0, 17.47
1724253689, 93, 57.0, 17.47
1724253690, 93, 57.0, 17.47
1724253691, 93, 57.0, 17.36
1724253692, 93, 57.0, 17.36
1724253693, 92, 57.0, 17.36
1724253694, 92, 57.0, 17.43
1724253695, 92, 57.0, 17.43
1724253696, 92, 60.0, 17.43
1724253697, 92, 60.0, 17.46
1724253698, 91, 60.0, 17.51
1724253699, 90, 60.0, 17.51
1724253700, 89, 60.0, 17.51
1724253701, 88, 63.0, 17.51
1724253702, 87, 63.0, 17.51
1724253703, 87, 63.0, 17.47
1724253704, 87, 63.0, 17.47
1724253705, 87, 63.0, 17.47
1724253706, 88, 69.0, 17.47
1724253707, 89, 69.0, 17.43
1724253708, 89, 69.0, 17.43
1724253709, 91, 69.0, 17.59
1724253710, 93, 69.0, 17.59
1724253711, 94, 69.0, 17.59
1724253712, 94, 69.0, NaN
1724253713, NaN, 69.0, NaN
1724253714, NaN, 69.0, NaN
1724253715, NaN, 69.0, NaN
1724253716, NaN, 68.0, NaN
1724253717, NaN, 68.0, NaN
1724253718, NaN, 68.0, NaN
1724253719, NaN, 68.0, NaN
1724253720, NaN, 68.0, NaN
1724253721, NaN, 67.0, NaN
1724253722, NaN, 67.0, NaN
1724253723, NaN, 67.0, NaN
1724253724, NaN, 67.0, NaN
1724253725, NaN, 67.0, NaN
1724253726, NaN, 65.0, NaN
1724253727, NaN, 65.0, NaN
1724253728, NaN, 65.0, NaN
1724253729, NaN, 65.0, NaN
1724253730, NaN, 65.0, NaN
1724253731, NaN, 68.0, NaN
1724253732, NaN, 68.0, NaN
1724253733, NaN, 68.0, NaN
1724253734, NaN, 68.0, NaN
1724253735, 72, 68.0, 17.72
1724253736, 69, NaN, 17.57
1724253737, 71, NaN, 17.57
1724253738, 71, NaN, 17.57
1724253739, 72, NaN, 17.57
1724253740, 74, NaN, 17.57
1724253741, 75, NaN, 17.57
1724253742, 76, NaN, 17.57
1724253743, 77, NaN, 17.54
1724253744, 78, NaN, 17.54
1724253745, 78, NaN, 17.54
1724253746, 79, NaN, 17.54
1724253747, 78, NaN, 17.54
1724253748, 77, NaN, 17.46
1724253749, 76, NaN, 17.46
1724253750, 74, NaN, 17.5
1724253751, 76, 32.0, 17.5
1724253752, 82, 32.0, 17.57
1724253753, 92, 32.0, 17.57
1724253754, 93, 32.0, 17.57
1724253755, 91, 32.0, 17.57
1724253756, 92, 41.0, 17.51
1724253757, 93, 41.0, 17.51
1724253758, 95, 41.0, 17.51
1724253759, 96, 41.0, 17.51
1724253760, 95, 41.0, 17.49
1724253761, 93, 53.0, 17.49
1724253762, 94, 53.0, 17.49
1724253763, 96, 53.0, 17.49
1724253764, 96, 53.0, 17.41
1724253765, 100, 53.0, 17.41
1724253766, 101, 59.0, 17.41
1724253767, 103, 59.0, 17.52
1724253768, 104, 59.0, 17.52
1724253769, 105, 59.0, 17.77
1724253770, 105, 59.0, 17.77
1724253771, 104, 64.0, 17.77
1724253772, 103, 64.0, 17.77
1724253773, 102, 64.0, 17.77
1724253774, 103, 64.0, 17.65
1724253775, 103, 64.0, 17.65
1724253776, 104, 68.0, 17.65
1724253777, 104, 68.0, 17.65
1724253778, 104, 68.0, 17.65
1724253779, 105, 68.0, 17.56
1724253780, 103, 68.0, 17.56
1724253781, 101, 78.0, 17.56
1724253782, 99, 78.0, 17.56
1724253783, 98, 78.0, 17.53
1724253784, 98, 78.0, 17.53
1724253785, 98, 78.0, 17.53
1724253786, 97, 84.0, 17.56
1724253787, 99, 84.0, 17.56
1724253788, 101, 84.0, 17.56
1724253789, 101, 84.0, 17.56
1724253790, 104, 84.0, 17.56
1724253791, 102, 84.0, 17.56
1724253792, 100, 84.0, 17.26
1724253793, 96, 84.0, 17.26
1724253794, 94, 84.0, 17.26
1724253795, 91, 84.0, 17.26
1724253796, 88, 81.0, 17.26
1724253797, 87, 81.0, 16.86
1724253798, 86, 81.0, 16.86
1724253799, 86, 81.0, 16.86
1724253800, 85, 81.0, 16.86
1724253801, 85, 76.0, 16.86
1724253802, 84, 76.0, 16.86
1724253803, 85, 76.0, 16.86
1724253804, 86, 76.0, 16.56
1724253805, 86, 76.0, 16.56
1724253806, 86, 69.0, 16.56
1724253807, 85, 69.0, 16.56
1724253808, 84, 69.0, 16.56
1724253809, 85, 69.0, 16.56
1724253810, 85, 69.0, 16.56
1724253811, 85, 65.0, 16.56
1724253812, 85, 65.0, 16.56
1724253813, 85, 65.0, 16.56
1724253814, 85, 65.0, 16.22
1724253815, 86, 65.0, 16.22
1724253816, 87, 55.0, 16.0
1724253817, 87, 55.0, 16.0
1724253818, 88, 55.0, 16.0
1724253819, 88, 55.0, 16.0
1724253820, 88, 55.0, 16.0
1724253821, 88, 47.0, 16.0
1724253822, 88, 47.0, 16.0
1724253823, 87, 47.0, 16.0
1724253824, 85, 47.0, 16.0
1724253825, 85, 47.0, 16.0
1724253826, 85, 42.0, 16.0
1724253827, 85, 42.0, 16.0
1724253828, 86, 42.0, 15.23
1724253829, 86, 42.0, 15.34
1724253830, 86, 42.0, 15.34
1724253831, 85, 38.0, 15.34
1724253832, 84, 38.0, 15.34
1724253833, 83, 38.0, 15.34
1724253834, 81, 38.0, 15.34
1724253835, 80, 38.0, 15.34
1724253836, 77, 42.0, 15.22
1724253837, 75, 42.0, 15.22
1724253838, 74, 42.0, 15.22
1724253839, 74, 42.0, 15.22
1724253840, 74, 42.0, 15.22
1724253841, 74, 37.0, 15.12
1724253842, 73, 37.0, 15.12
1724253843, 75, 37.0, 15.12
1724253844, 74, 37.0, 15.22
1724253845, 73, 37.0, 15.22
1724253846, 72, 37.0, 15.22
1724253847, 71, 37.0, 15.22
1724253848, 72, 37.0, 15.22
1724253849, 78, 37.0, 15.14
1724253850, 81, 37.0, 15.14
1724253851, 83, 36.0, 15.14
1724253852, 83, 36.0, 15.3
1724253853, 83, 36.0, 15.3
1724253854, 83, 36.0, 15.3
1724253855, 82, 36.0, 15.3
1724253856, 81, 36.0, 15.27
1724253857, 81, 36.0, 15.27
1724253858, 81, 36.0, 15.27
1724253859, 81, 36.0, 15.27
1724253860, 81, 36.0, 15.25
1724253861, 82, 36.0, 15.25
1724253862, 81, 36.0, 15.47
1724253863, 80, 36.0, 15.47
1724253864, 80, 36.0, 15.47
1724253865, 79, 36.0, 15.47
1724253866, 78, 32.0, 15.47
1724253867, 77, 32.0, 15.47
1724253868, 77, 32.0, 15.47
1724253869, 76, 32.0, 15.57
1724253870, 74, 32.0, 15.57
1724253871, 75, 31.0, 15.57
1724253872, 77, 31.0, 15.57
1724253873, 77, 31.0, 15.57
1724253874, 78, 31.0, 15.57
1724253875, 77, 31.0, 15.57
1724253876, 78, 30.0, 15.57
1724253877, 76, 30.0, 15.42
1724253878, 77, 30.0, 15.42
1724253879, 78, 30.0, 15.42
1724253880, 78, 30.0, 15.42
1724253881, 78, 30.0, 15.42
1724253882, 78, 30.0, 15.42
1724253883, 78, 30.0, 15.44
1724253884, 78, 30.0, 15.44
1724253885, 78, 30.0, 15.44
1724253886, 77, 30.0, 15.51
1724253887, 76, 30.0, 15.51
1724253888, 75, 30.0, 15.51
1724253889, 75, 30.0, 15.51
1724253890, 73, 30.0, 15.51
1724253891, 72, 30.0, 15.51
1724253892, 72, 30.0, 15.51
1724253893, 69, 30.0, 15.47
1724253894, 65, 30.0, 15.47
1724253895, 61, 30.0, 14.93
1724253896, 60, 27.0, 14.93
1724253897, 59, 27.0, 14.93
1724253898, 59, 27.0, 14.93
1724253899, 59, 27.0, 15.33
1724253900, 59, 27.0, 15.33
1724253901, 59, 25.0, 15.33
1724253902, 59, 25.0, 15.41
1724253903, 59, 25.0, 15.41
1724253904, 59, 25.0, 15.41
1724253905, 59, 25.0, 15.41
1724253906, 59, 21.0, 15.43
1724253907, 59, 21.0, 15.43
1724253908, 59, 21.0, 15.43
1724253909, 59, 21.0, 15.43
1724253910, 60, 21.0, 15.43
1724253911, 60, 16.0, 15.25
1724253912, 60, 16.0, 15.25
1724253913, 60, 16.0, 15.25
1724253914, 60, 16.0, 15.25
1724253915, 60, 16.0, 15.25
1724253916, 61, 12.0, 15.17
1724253917, 61, 12.0, 15.17
1724253918, 62, 12.0, 15.17
1724253919, 62, 12.0, 15.17
1724253920, 62, 12.0, 15.17
1724253921, 62, 8.0, 14.75
1724253922, 62, 8.0, 14.75
1724253923, 62, 8.0, 14.75
1724253924, 62, 8.0, 14.75
1724253925, 62, 8.0, 14.92
1724253926, 62, 5.0, 14.92
1724253927, 62, 5.0, 14.92
1724253928, 62, 5.0, 14.88
1724253929, 63, 5.0, 14.88
1724253930, 63, 5.0, 14.88
1724253931, 63, 2.0, 14.97
1724253932, 64, 2.0, 14.97
1724253933, 64, 2.0, 14.97
1724253934, 65, 2.0, 14.97
1724253935, 67, 2.0, 14.95
1724253936, 67, 4.0, 14.95
1724253937, 68, 4.0, 14.95
1724253938, 68, 4.0, 14.95
1724253939, 68, 4.0, 14.95
1724253940, 68, 4.0, 14.95
1724253941, 68, 7.0, 14.95
1724253942, 69, 7.0, 15.14
1724253943, 70, 7.0, 15.14
1724253944, 72, 7.0, 15.14
1724253945, 74, 7.0, 15.2
1724253946, 76, 9.0, 15.2
1724253947, 77, 9.0, 15.2
1724253948, 78, 9.0, 15.38
1724253949, 78, 9.0, 15.38
1724253950, 79, 9.0, 15.38
1724253951, 79, 12.0, 15.54
1724253952, 79, 12.0, 15.54
1724253953, 81, 12.0, 15.54
1724253954, 80, 12.0, 15.54
1724253955, 77, 12.0, 15.53
1724253956, 71, 16.0, 15.53
1724253957, 67, 16.0, 15.95
1724253958, 66, 16.0, 15.95
1724253959, 65, 16.0, 15.95
1724253960, 64, 16.0, 16.18
1724253961, 64, 20.0, 16.18
1724253962, 64, 20.0, 16.18
1724253963, 64, 20.0, 16.18
1724253964, 65, 20.0, 16.19
1724253965, 65, 20.0, 16.19
1724253966, 65, 20.0, 16.37
1724253967, 64, 20.0, 16.37
1724253968, 63, 20.0, 16.37
1724253969, 63, 20.0, 16.37
1724253970, 65, 20.0, 16.37
1724253971, 67, 21.0, 16.27
1724253972, 70, 21.0, 16.27
1724253973, 72, 21.0, 16.27
1724253974, 74, 21.0, 16.27
1724253975, 76, 21.0, 16.38
1724253976, 78, 21.0, 16.38
1724253977, 79, 21.0, 16.38
1724253978, 80, 21.0, 16.38
1724253979, 80, 21.0, 16.38
1724253980, 79, 21.0, 16.19
1724253981, 79, 22.0, 16.19
1724253982, 80, 22.0, 16.19
1724253983, 80, 22.0, 16.19
1724253984, 81, 22.0, 16.19
1724253985, 81, 22.0, 16.06
1724253986, 82, 23.0, 16.06
1724253987, 82, 23.0, 16.06
1724253988, 82, 23.0, 16.06
1724253989, 81, 23.0, 16.06
1724253990, 80, 23.0, 16.06
1724253991, 79, 24.0, 16.06
1724253992, 76, 24.0, 16.06
1724253993, 76, 24.0, 16.06
1724253994, 74, 24.0, 16.06
1724253995, 75, 24.0, 16.06
1724253996, 75, NaN, 15.7
1724253997, 74, NaN, 15.54
1724253998, 74, NaN, 15.54
1724253999, 73, NaN, 15.54
1724254000, 74, NaN, 15.54
1724254001, 75, NaN, 15.54
1724254002, 76, NaN, 15.54
1724254003, 77, NaN, 15.54
1724254004, 78, NaN, 15.54
1724254005, 79, NaN, 15.54
1724254006, 79, NaN, 15.54
1724254007, 82, NaN, 15.54
1724254008, 89, NaN, 15.54
1724254009, 95, NaN, 15.54
1724254010, 94, NaN, 14.79
1724254011, 91, 25.0, 14.79
1724254012, 87, 25.0, 14.79
1724254013, 82, 25.0, 14.89
1724254014, 79, 25.0, 14.89
1724254015, 78, 25.0, 14.89
1724254016, 77, 24.0, 14.89
1724254017, 77, 24.0, 14.97
1724254018, 77, 24.0, 14.97
1724254019, 77, 24.0, 14.97
1724254020, 77, 24.0, 14.97
1724254021, 77, 22.0, 14.97
1724254022, 78, 22.0, 14.88
1724254023, 79, 22.0, 14.88
1724254024, 80, 22.0, 14.88
1724254025, 81, 22.0, 14.88
1724254026, 81, 23.0, 14.88
1724254027, 82, 23.0, 15.01
1724254028, 82, 23.0, 15.01
1724254029, 83, 23.0, 15.01
1724254030, 83, 23.0, 15.01
1724254031, 83, 24.0, 15.01
1724254032, 83, 24.0, 15.01
1724254033, 83, 24.0, 15.01
1724254034, 82, 24.0, 15.01
1724254035, 82, 24.0, 15.01
1724254036, 81, 24.0, 15.01
1724254037, 81, 24.0, 15.01
1724254038, 80, 24.0, 15.01
1724254039, 80, 24.0, 15.01
1724254040, 79, 24.0, 14.87
1724254041, 79, 29.0, 14.87
1724254042, 79, 29.0, 14.87
1724254043, 79, 29.0, 14.87
1724254044, 78, 29.0, 14.87
1724254045, 77, 29.0, 14.87
1724254046, 76, 29.0, 14.87
1724254047, 75, 29.0, 14.87
1724254048, 74, 29.0, 14.87
1724254049, 73, 29.0, 14.87
1724254050, 73, 29.0, 14.87
1724254051, 72, 30.0, 14.87
1724254052, 71, 30.0, 14.87
1724254053, 70, 30.0, 14.87
1724254054, 70, 30.0, 14.76
1724254055, 71, 30.0, 14.76
1724254056, 72, NaN, 14.76
1724254057, 74, NaN, 14.76
1724254058, 76, NaN, 14.76
1724254059, 78, NaN, 14.76
1724254060, 79, NaN, 14.65
1724254061, 79, NaN, 14.65
1724254062, 79, NaN, 14.65
1724254063, 79, NaN, 14.65
1724254064, 79, NaN, 14.65
1724254065, 79, NaN, 14.65
1724254066, 79, 33.0, 14.66
1724254067, 79, 33.0, 14.66
1724254068, 79, 33.0, 14.66
1724254069, 79, 33.0, 14.66
1724254070, 79, 33.0, 14.66
1724254071, 79, 35.0, 14.38
1724254072, 80, 35.0, 14.38
1724254073, 80, 35.0, 14.52
1724254074, 81, 35.0, 14.52
1724254075, 81, 35.0, 14.52
1724254076, 81, 37.0, 14.52
1724254077, 82, 37.0, 14.52
1724254078, 82, 37.0, 14.52
1724254079, 81, 37.0, 14.52
1724254080, 80, 37.0, 14.52
1724254081, 79, 41.0, 14.56
1724254082, 78, 41.0, 14.56
1724254083, 77, 41.0, 14.72
1724254084, 76, 41.0, 14.72
1724254085, 77, 41.0, 14.72
1724254086, 80, 39.0, 14.72
1724254087, 81, 39.0, 14.74
1724254088, 81, 39.0, 14.74
1724254089, 81, 39.0, 15.0
1724254090, 81, 39.0, 15.0
1724254091, 80, 39.0, 15.0
1724254092, 79, 39.0, 15.06
1724254093, 78, 39.0, 15.06
1724254094, 76, 39.0, 15.06
1724254095, 75, 39.0, 15.06
1724254096, 74, 38.0, 15.06
1724254097, 74, 38.0, 15.06
1724254098, 98, 38.0, 15.01
1724254099, 111, 38.0, 15.01
1724254100, 121, 38.0, 15.27
1724254101, 127, NaN, 15.53
1724254102, 129, NaN, 15.53
1724254103, 132, NaN, 15.53
1724254104, 133, NaN, 15.53
1724254105, 136, NaN, 15.53
1724254106, 136, 36.0, 15.51
1724254107, 134, 36.0, 15.51
1724254108, 130, 36.0, 15.51
1724254109, 127, 36.0, 15.51
1724254110, 123, 36.0, 15.51
1724254111, 120, 41.0, 15.51
1724254112, 118, 41.0, 15.43
1724254113, 117, 41.0, 15.43
1724254114, 115, 41.0, 15.43
1724254115, 110, 41.0, 15.47
1724254116, 76, 52.0, 15.47
1724254117, 73, 52.0, 15.47
1724254118, 71, 52.0, 15.47
1724254119, 71, 52.0, 15.47
1724254120, 70, 52.0, 15.47
1724254121, 70, 61.0, 15.47
1724254122, 70, 61.0, 15.47
1724254123, 71, 61.0, 15.47
1724254124, 71, 61.0, 15.35
1724254125, 72, 61.0, 15.35
1724254126, 70, 75.0, 15.35
1724254127, 68, 75.0, 15.45
1724254128, 68, 75.0, 15.45
1724254129, 67, 75.0, 15.45
1724254130, 68, 75.0, 15.45
1724254131, 67, 67.0, 15.45
1724254132, 67, 67.0, 15.63
1724254133, 67, 67.0, 15.63
1724254134, 67, 67.0, 15.63
1724254135, 67, 67.0, 15.63
1724254136, 68, 66.0, 15.63
1724254137, 70, 66.0, 15.63
1724254138, 72, 66.0, 15.63
1724254139, 74, 66.0, 15.63
1724254140, 75, 66.0, 15.52
1724254141, 75, 56.0, 15.52
1724254142, 77, 56.0, 15.52
1724254143, 76, 56.0, 15.47
1724254144, 77, 56.0, 15.47
1724254145, 77, 56.0, 15.47
1724254146, 78, 46.0, 15.47
1724254147, 79, 46.0, 15.47
1724254148, 80, 46.0, 15.52
1724254149, 79, 46.0, 15.52
1724254150, 79, 46.0, 15.52
1724254151, 81, 36.0, 15.52
1724254152, 81, 36.0, 15.52
1724254153, 81, 36.0, 15.52
1724254154, 81, 36.0, 15.52
1724254155, 81, 36.0, 15.52
1724254156, 81, 25.0, 15.52
1724254157, 82, 25.0, 15.42
1724254158, 81, 25.0, 15.42
1724254159, 80, 25.0, 15.42
1724254160, 80, 25.0, 15.42
1724254161, 79, 25.0, 15.42
1724254162, 79, 25.0, 15.42
1724254163, 79, 25.0, 15.42
1724254164, 78, 25.0, 15.03
1724254165, 78, 25.0, 15.03
1724254166, 78, 27.0, 15.03
1724254167, 78, 27.0, 15.03
1724254168, 78, 27.0, 15.03
1724254169, 78, 27.0, 15.03
1724254170, 78, 27.0, 15.03
1724254171, 78, 29.0, 14.67
1724254172, 79, 29.0, 14.67
1724254173, 79, 29.0, 14.67
1724254174, 79, 29.0, 14.67
1724254175, 79, 29.0, 14.61
1724254176, 79, 30.0, 14.61
1724254177, 79, 30.0, 14.61
1724254178, 79, 30.0, 14.61
1724254179, 80, 30.0, 14.76
1724254180, 81, 30.0, 14.76
1724254181, 81, 31.0, 14.76
1724254182, 82, 31.0, 14.92
1724254183, 83, 31.0, 14.92
1724254184, 84, 31.0, 14.92
1724254185, 84, 31.0, 14.92
1724254186, 84, 33.0, 14.93
1724254187, 83, 33.0, 14.93
1724254188, 81, 33.0, 14.93
1724254189, 81, 33.0, 14.93
1724254190, 80, 33.0, 14.93
1724254191, 81, 38.0, 14.64
1724254192, 81, 38.0, 14.64
1724254193, 82, 38.0, 14.64
1724254194, 83, 38.0, 14.64
1724254195, 83, 38.0, 15.01
1724254196, 82, 43.0, 15.01
1724254197, 81, 43.0, 15.01
1724254198, 81, 43.0, 15.03
1724254199, 81, 43.0, 15.03
1724254200, 81, 43.0, 15.03
1724254201, 80, 45.0, 15.18
1724254202, 80, 45.0, 15.18
1724254203, 80, 45.0, 15.18
1724254204, 80, 45.0, 15.18
1724254205, 80, 45.0, 15.18
1724254206, 79, 46.0, 15.04
1724254207, 79, 46.0, 15.04
1724254208, 80, 46.0, 15.04
1724254209, 80, 46.0, 15.34
1724254210, 80, 46.0, 15.34
1724254211, 81, 46.0, 15.55
1724254212, 80, 46.0, 15.55
1724254213, 79, 46.0, 15.55
1724254214, 78, 46.0, 15.55
1724254215, 78, 46.0, 15.55
1724254216, 77, 45.0, NaN
1724254217, NaN, 45.0, NaN
1724254218, 73, 45.0, 15.55
1724254219, 72, 45.0, 15.43
1724254220, 72, 45.0, 15.43
1724254221, 72, NaN, 15.43
1724254222, 72, NaN, 15.43
1724254223, 74, NaN, 15.46
1724254224, 74, NaN, 15.46
1724254225, 75, NaN, 15.46
1724254226, 74, NaN, 15.46
1724254227, 73, NaN, 15.48
1724254228, 72, NaN, 15.48
1724254229, 71, NaN, 15.48
1724254230, 70, NaN, 15.48
1724254231, 70, NaN, 15.48
1724254232, 70, NaN, 15.48
1724254233, 70, NaN, 15.48
1724254234, 70, NaN, 15.48
1724254235, 70, NaN, 15.32
1724254236, 70, NaN, 15.32
1724254237, 71, NaN, 15.32
1724254238, 71, NaN, 15.32
1724254239, 72, NaN, 15.32
1724254240, 73, NaN, 15.32
1724254241, 74, NaN, 15.12
1724254242, 74, NaN, 15.12
1724254243, 75, NaN, 15.12
1724254244, 76, NaN, 15.24
1724254245, 77, NaN, 15.24
1724254246, 77, 30.0, 15.24
1724254247, 78, 30.0, 15.24
1724254248, 79, 30.0, 15.25
1724254249, 79, 30.0, 15.25
1724254250, 79, 30.0, 15.25
1724254251, 79, 30.0, 15.25
1724254252, 79, 30.0, 15.2
1724254253, 80, 30.0, 15.2
1724254254, 80, 30.0, 15.2
1724254255, 79, 30.0, 15.2
1724254256, 79, 33.0, 15.2
1724254257, 80, 33.0, 15.0
1724254258, 85, 33.0, 15.0
1724254259, 90, 33.0, 15.0
1724254260, 93, 33.0, 15.0
1724254261, 94, 34.0, 15.0
1724254262, 91, 34.0, 14.75
1724254263, 87, 34.0, 14.75
1724254264, 83, 34.0, 14.75
1724254265, 82, 34.0, 14.84
1724254266, 81, 37.0, 14.84
1724254267, 82, 37.0, 14.84
1724254268, 80, 37.0, 14.84
1724254269, 78, 37.0, 14.84
1724254270, 76, 37.0, 14.84
1724254271, 76, 37.0, 14.84
1724254272, 75, 37.0, 14.84
1724254273, 75, 37.0, 14.32
1724254274, 76, 37.0, 14.32
1724254275, 76, 37.0, 14.32
1724254276, 76, NaN, 14.49
1724254277, 75, NaN, 14.49
1724254278, 73, NaN, 14.49
1724254279, 72, NaN, 14.49
1724254280, 67, NaN, 14.49
1724254281, 61, NaN, 14.41
1724254282, 59, NaN, 14.41
1724254283, 59, NaN, 14.41
1724254284, 59, NaN, 14.53
1724254285, 59, NaN, 14.53
1724254286, 59, 23.0, 14.53
1724254287, 60, 23.0, 14.53
1724254288, 60, 23.0, 14.53
1724254289, 60, 23.0, 14.45
1724254290, 60, 23.0, 14.45
1724254291, 59, 16.0, 14.64
1724254292, 58, 16.0, 14.64
1724254293, 58, 16.0, 14.64
1724254294, 57, 16.0, 14.64
1724254295, 58, 16.0, 14.77
1724254296, 59, 8.0, 14.77
1724254297, 62, 8.0, 14.77
1724254298, 64, 8.0, 14.91
1724254299, 65, 8.0, 14.91
1724254300, 67, 8.0, 14.91
1724254301, 74, 1.0, 15.05
1724254302, 79, 1.0, 15.05
1724254303, 81, 1.0, 15.05
1724254304, 83, 1.0, 15.05
1724254305, 84, 1.0, 15.17
1724254306, 86, 1.0, 15.17
1724254307, 86, 1.0, 15.17
1724254308, 88, 1.0, 15.17
1724254309, 87, 1.0, 15.17
1724254310, 86, 1.0, 15.1
1724254311, 87, 5.0, 15.5
1724254312, 92, 5.0, 15.5
1724254313, 94, 5.0, 15.5
1724254314, 97, 5.0, 15.5
1724254315, 98, 5.0, 15.5
1724254316, 96, 9.0, 15.43
1724254317, 95, 9.0, 15.43
1724254318, 94, 9.0, 15.43
1724254319, 93, 9.0, 15.43
1724254320, 92, 9.0, 15.43
1724254321, 91, 14.0, 15.31
1724254322, 90, 14.0, 15.31
1724254323, 89, 14.0, 15.31
1724254324, 88, 14.0, 15.31
1724254325, 88, 14.0, 15.29
1724254326, 87, 19.0, 15.29
1724254327, 87, 19.0, 15.29
1724254328, 86, 19.0, 15.29
1724254329, 85, 19.0, 15.29
1724254330, 84, 19.0, 15.29
1724254331, 84, 25.0, 15.29
1724254332, 83, 25.0, 15.29
1724254333, 83, 25.0, 15.13
1724254334, 83, 25.0, 15.13
1724254335, 83, 25.0, 15.27
1724254336, 83, 42.0, 15.27
1724254337, 84, 42.0, 15.27
1724254338, 84, 42.0, 15.27
1724254339, 84, 42.0, 15.3
1724254340, 83, 42.0, 15.3
1724254341, 82, 48.0, 15.3
1724254342, 79, 48.0, 15.3
1724254343, 76, 48.0, 15.31
1724254344, 75, 48.0, 15.31
1724254345, 75, 48.0, 15.31
1724254346, 74, NaN, 15.31
1724254347, 75, NaN, 15.31
1724254348, 75, NaN, 15.28
1724254349, 74, NaN, 15.28
1724254350, 74, NaN, 15.28
1724254351, 74, NaN, 15.28
1724254352, 73, NaN, 15.28
1724254353, 73, NaN, 15.03
1724254354, 73, NaN, 15.03
1724254355, 73, NaN, 15.27
1724254356, 73, NaN, 15.27
1724254357, 74, NaN, 15.27
1724254358, 75, NaN, 15.27
1724254359, 76, NaN, 15.22
1724254360, 76, NaN, 15.22
1724254361, 77, NaN, 15.22
1724254362, 78, NaN, 15.22
1724254363, 77, NaN, 15.27
1724254364, 76, NaN, 15.27
1724254365, 77, NaN, 15.27
1724254366, 76, NaN, 15.27
1724254367, 75, NaN, 15.4
1724254368, 74, NaN, 15.4
1724254369, 73, NaN, 15.4
1724254370, 74, NaN, 15.4
1724254371, 74, NaN, 15.35
1724254372, 74, NaN, 15.35
1724254373, 74, NaN, 15.61
1724254374, 73, NaN, 15.61
1724254375, 73, NaN, 15.61
1724254376, 73, NaN, 15.61
1724254377, 73, NaN, 15.61
1724254378, 74, NaN, 15.52
1724254379, 74, NaN, 15.52
1724254380, 78, NaN, 15.52
1724254381, 81, NaN, 15.52
1724254382, 82, NaN, 15.48
1724254383, 81, NaN, 15.48
1724254384, 80, NaN, 15.48
1724254385, 81, NaN, 15.48
1724254386, 82, 27.0, 15.47
1724254387, 83, 27.0, 15.47
1724254388, 84, 27.0, 15.66
1724254389, 85, 27.0, 15.66
1724254390, 85, 27.0, 15.66
1724254391, 86, 28.0, 15.66
1724254392, 86, 28.0, 15.66
1724254393, 76, 28.0, 15.75
1724254394, 63, 28.0, 16.0
1724254395, 63, 28.0, 16.0
1724254396, 65, 28.0, 16.0
1724254397, 64, 28.0, 16.0
1724254398, 65, 28.0, 16.0
1724254399, 67, 28.0, 15.91
1724254400, 69, 28.0, 15.91
1724254401, 71, 29.0, 15.91
1724254402, 73, 29.0, 15.91
1724254403, 74, 29.0, 15.89
1724254404, 74, 29.0, 15.89
1724254405, 75, 29.0, 15.89
1724254406, 76, 25.0, 15.89
1724254407, 76, 25.0, 15.89
1724254408, 76, 25.0, 15.89
1724254409, 74, 25.0, 15.75
1724254410, 75, 25.0, 15.75
1724254411, 72, 25.0, 15.75
1724254412, 69, 25.0, 15.75
1724254413, 68, 25.0, 15.75
1724254414, 66, 25.0, 15.75
1724254415, 65, 25.0, 15.75
1724254416, 65, 23.0, 15.75
1724254417, 66, 23.0, 15.75
1724254418, 66, 23.0, 15.6
1724254419, 66, 23.0, 15.6
1724254420, 66, 23.0, 15.6
1724254421, 66, 20.0, 15.53
1724254422, 67, 20.0, 15.53
1724254423, 67, 20.0, 15.53
1724254424, 68, 20.0, 15.64
1724254425, 68, 20.0, 15.64
1724254426, 68, 17.0, 15.64
1724254427, 68, 17.0, 15.72
1724254428, 68, 17.0, 15.72
1724254429, 68, 17.0, 15.72
1724254430, 70, 17.0, 15.72
1724254431, 71, 14.0, 15.72
1724254432, 71, 14.0, 15.72
1724254433, 72, 14.0, 15.72
1724254434, 72, 14.0, 15.72
1724254435, 71, 14.0, 15.72
1724254436, 72, 14.0, 15.59
1724254437, 72, 14.0, 15.59
1724254438, 73, 14.0, 15.59
1724254439, 73, 14.0, 15.59
1724254440, 73, 14.0, 15.59
1724254441, 71, 12.0, 15.36
1724254442, 68, 12.0, 15.36
1724254443, 69, 12.0, 15.36
1724254444, 68, 12.0, 15.36
1724254445, 67, 12.0, 15.36
1724254446, 67, 10.0, 15.36
1724254447, 67, 10.0, 15.36
1724254448, 65, 10.0, 15.36
1724254449, 65, 10.0, 15.24
1724254450, 65, 10.0, 15.24
1724254451, 66, 10.0, 15.24
1724254452, 68, 10.0, 15.24
1724254453, 71, 10.0, 15.24
1724254454, 72, 10.0, 15.24
1724254455, 73, 10.0, 15.24
1724254456, 75, 10.0, 15.24
1724254457, 75, 10.0, 15.24
1724254458, 76, 10.0, 14.96
1724254459, 76, 10.0, 14.96
1724254460, 77, 10.0, 14.96
1724254461, 77, 10.0, 14.96
1724254462, 77, 10.0, 14.96
1724254463, 78, 10.0, 14.96
1724254464, 79, 10.0, 14.96
1724254465, 79, 10.0, 14.96
1724254466, 79, 10.0, 14.96
1724254467, 80, 10.0, 14.96
1724254468, 79, 10.0, 14.76
1724254469, 79, 10.0, 14.76
1724254470, 78, 10.0, 14.49
1724254471, 77, 12.0, 14.49
1724254472, 77, 12.0, 14.49
1724254473, 76, 12.0, 14.49
1724254474, 76, 12.0, 14.49
1724254475, 75, 12.0, 14.49
1724254476, 76, NaN, 14.17
1724254477, 75, NaN, 14.17
1724254478, 75, NaN, 14.17
1724254479, 75, NaN, 14.42
1724254480, 75, NaN, 14.42
1724254481, 75, NaN, 14.42
1724254482, 75, NaN, 14.42
1724254483, 74, NaN, 14.43
1724254484, 74, NaN, 14.43
1724254485, 74, NaN, 14.63
1724254486, 73, NaN, 14.63
1724254487, 73, NaN, 14.63
1724254488, 72, NaN, 14.63
1724254489, 72, NaN, 14.63
1724254490, 72, NaN, 14.63
1724254491, 71, NaN, 14.52
1724254492, 71, NaN, 14.52
1724254493, 71, NaN, 14.52
1724254494, 71, NaN, 14.66
1724254495, 72, NaN, 14.66
1724254496, 73, NaN, 14.66
1724254497, 74, NaN, 14.66
1724254498, 74, NaN, 14.66
1724254499, 74, NaN, 14.66
1724254500, 74, NaN, 14.71
1724254501, 72, NaN, 14.71
1724254502, 71, NaN, 14.71
1724254503, 70, NaN, 14.68
1724254504, 69, NaN, 14.68
1724254505, 69, NaN, 14.68
1724254506, 68, NaN, 14.68
1724254507, 68, NaN, 14.68
1724254508, 68, NaN, 14.68
1724254509, 68, NaN, 14.68
1724254510, 69, NaN, 14.68
1724254511, 69, 20.0, 14.51
1724254512, 70, 20.0, 14.51
1724254513, 70, 20.0, 14.51
1724254514, 70, 20.0, 14.51
1724254515, 69, 20.0, 14.51
1724254516, 70, 15.0, 14.51
1724254517, 69, 15.0, 14.51
1724254518, 70, 15.0, 14.51
1724254519, 72, 15.0, 14.27
1724254520, 73, 15.0, 14.27
1724254521, 76, 15.0, 14.27
1724254522, 80, 15.0, 14.27
1724254523, 81, 15.0, 14.12
1724254524, 83, 15.0, 14.12
1724254525, 84, 15.0, 14.12
1724254526, 85, 17.0, 14.29
1724254527, 85, 17.0, 14.29
1724254528, 85, 17.0, 14.42
1724254529, 85, 17.0, 14.42
1724254530, 86, 17.0, 14.42
1724254531, 86, 19.0, 14.42
1724254532, 86, 19.0, 14.41
1724254533, 85, 19.0, 14.41
1724254534, 84, 19.0, 14.41
1724254535, 84, 19.0, 14.41
1724254536, 84, 21.0, 14.41
1724254537, 84, 21.0, 14.52
1724254538, 86, 21.0, 14.52
1724254539, 88, 21.0, 14.52
1724254540, 89, 21.0, 14.52
1724254541, 91, 22.0, 14.42
1724254542, 91, 22.0, 14.42
1724254543, 91, 22.0, 14.42
1724254544, 91, 22.0, 14.55
1724254545, 91, 22.0, 14.55
1724254546, 91, 25.0, 14.55
1724254547, 91, 25.0, 14.55
1724254548, 93, 25.0, 14.59
1724254549, 94, 25.0, 14.59
1724254550, 99, 25.0, 14.59
1724254551, 99, 36.0, 14.59
1724254552, 100, 36.0, 14.71
1724254553, 103, 36.0, 14.71
1724254554, 106, 36.0, 14.71
1724254555, 106, 36.0, 14.71
1724254556, 109, 45.0, 14.63
1724254557, 112, 45.0, 14.63
1724254558, 110, 45.0, 14.63
1724254559, 109, 45.0, 14.63
1724254560, 109, 45.0, 15.08
1724254561, 109, 54.0, 15.08
1724254562, 109, 54.0, 15.08
1724254563, 110, 54.0, 15.11
1724254564, 109, 54.0, 15.11
1724254565, 108, 54.0, 15.11
1724254566, 107, 64.0, 15.11
1724254567, 106, 64.0, 15.11
1724254568, 104, 64.0, 15.06
1724254569, 102, 64.0, 15.06
1724254570, 99, 64.0, 15.06
1724254571, 94, 73.0, 15.06
1724254572, 90, 73.0, 15.26
1724254573, 88, 73.0, 15.27
1724254574, 88, 73.0, 15.27
1724254575, 88, 73.0, 15.27
1724254576, 88, 81.0, 15.27
1724254577, 88, 81.0, 15.34
1724254578, 87, 81.0, 15.34
1724254579, 82, 81.0, 15.34
1724254580, 79, 81.0, 15.34
1724254581, 75, 83.0, 15.34
1724254582, 77, 83.0, 15.34
1724254583, 79, 83.0, 15.34
1724254584, 83, 83.0, 15.34
1724254585, 85, 83.0, 15.34
1724254586, 86, 81.0, 15.25
1724254587, 91, 81.0, 15.25
1724254588, 95, 81.0, 15.25
1724254589, 99, 81.0, 15.25
1724254590, 102, 81.0, 15.25
1724254591, 101, 78.0, 15.2
1724254592, 99, 78.0, 15.2
1724254593, 98, 78.0, 15.2
1724254594, 97, 78.0, 15.2
1724254595, 95, 78.0, 15.23
1724254596, 95, 76.0, 15.23
1724254597, 96, 76.0, 15.23
1724254598, 96, 76.0, 15.23
1724254599, 96, 76.0, 15.23
1724254600, 95, 76.0, 15.31
1724254601, 95, 74.0, 15.31
1724254602, 95, 74.0, 15.33
1724254603, 95, 74.0, 15.33
1724254604, 95, 74.0, 15.33
1724254605, 94, 74.0, 15.33
1724254606, 94, 74.0, 15.33
1724254607, 94, 74.0, 15.33
1724254608, 94, 74.0, 15.33
1724254609, 93, 74.0, 15.33
1724254610, 92, 74.0, 15.11
1724254611, 92, 75.0, 15.11
1724254612, 92, 75.0, 15.11
1724254613, 92, 75.0, 15.11
1724254614, 93, 75.0, 15.11
1724254615, 93, 75.0, 15.11
1724254616, 92, 75.0, 15.11
1724254617, 87, 75.0, 15.11
1724254618, 84, 75.0, 15.11
1724254619, 83, 75.0, 14.88
1724254620, 82, 75.0, 14.88
1724254621, 81, 77.0, 14.88
1724254622, 81, 77.0, 14.88
1724254623, 80, 77.0, 14.88
1724254624, 80, 77.0, 14.97
1724254625, 80, 77.0, 14.97
1724254626, 79, 70.0, 14.97
1724254627, 78, 70.0, 14.89
1724254628, 77, 70.0, 14.89
1724254629, 76, 70.0, 14.89
1724254630, 75, 70.0, 14.89
1724254631, 75, NaN, 14.96
1724254632, 75, NaN, 14.96
1724254633, 74, NaN, 14.96
1724254634, 73, NaN, 14.96
1724254635, 72, NaN, 14.96
1724254636, 70, NaN, 14.9
1724254637, 69, NaN, 14.9
1724254638, 69, NaN, 15.11
1724254639, 69, NaN, 15.11
1724254640, 69, NaN, 15.11
1724254641, 69, NaN, 15.2
1724254642, 68, NaN, 15.2
1724254643, 68, NaN, 15.2
1724254644, 68, NaN, 15.2
1724254645, 69, NaN, 15.18
1724254646, 70, 47.0, 15.18
1724254647, 75, 47.0, 15.18
1724254648, 77, 47.0, 15.18
1724254649, 81, 47.0, 15.18
1724254650, 82, 47.0, 15.14
1724254651, 83, 30.0, 15.14
1724254652, 83, 30.0, 15.14
1724254653, 83, 30.0, 15.19
1724254654, 86, 30.0, 15.19
1724254655, 89, 30.0, 15.19
1724254656, 94, 27.0, 15.19
1724254657, 98, 27.0, 15.19
1724254658, 100, 27.0, 15.12
1724254659, 101, 27.0, 15.12
1724254660, 102, 27.0, 15.12
1724254661, 102, 28.0, 15.12
1724254662, 101, 28.0, 15.12
1724254663, 101, 28.0, 14.55
1724254664, 101, 28.0, 14.55
1724254665, 102, 28.0, 14.55
1724254666, 100, 30.0, 14.73
1724254667, 101, 30.0, 14.73
1724254668, 101, 30.0, 14.73
1724254669, 102, 30.0, 14.73
1724254670, 103, 30.0, 14.72
1724254671, 103, 33.0, 14.72
1724254672, 103, 33.0, 14.72
1724254673, 103, 33.0, 14.72
1724254674, 103, 33.0, 14.77
1724254675, 104, 33.0, 14.77
1724254676, 105, 41.0, 14.77
1724254677, 103, 41.0, 14.77
1724254678, 103, 41.0, 14.77
1724254679, 100, 41.0, 14.77
1724254680, 96, 41.0, 14.77
1724254681, 94, 51.0, 14.7
1724254682, 91, 51.0, 14.7
1724254683, 89, 51.0, 14.7
1724254684, 88, 51.0, 14.7
1724254685, 87, 51.0, 14.69
1724254686, 86, 60.0, 14.69
1724254687, 86, 60.0, 14.69
1724254688, 86, 60.0, 14.69
1724254689, 85, 60.0, 14.72
1724254690, 84, 60.0, 14.72
1724254691, 84, 64.0, 14.72
1724254692, 84, 64.0, 14.89
1724254693, 84, 64.0, 14.89
1724254694, 83, 64.0, 14.89
1724254695, 84, 64.0, 14.94
1724254696, 84, 66.0, 14.94
1724254697, 84, 66.0, 14.94
1724254698, 84, 66.0, 14.94
1724254699, 84, 66.0, 14.94
1724254700, 85, 66.0, 14.94
1724254701, 86, 67.0, 14.94
1724254702, 86, 67.0, 14.94
1724254703, 87, 67.0, 14.94
1724254704, 88, 67.0, 14.94
1724254705, 89, 67.0, 14.94
1724254706, 90, 64.0, 14.94
1724254707, 90, 64.0, 14.7
1724254708, 88, 64.0, 14.85
1724254709, 88, 64.0, 14.85
1724254710, 85, 64.0, 14.85
1724254711, 82, 60.0, 14.85
1724254712, 79, 60.0, 14.85
1724254713, 78, 60.0, 14.81
1724254714, 81, 60.0, 14.81
1724254715, 82, 60.0, 14.81
1724254716, 84, 55.0, 14.81
1724254717, 87, 55.0, 14.81
1724254718, 88, 55.0, 14.81
1724254719, 89, 55.0, 14.81
1724254720, 90, 55.0, 14.79
1724254721, 93, 53.0, 14.79
1724254722, 95, 53.0, 14.79
1724254723, 96, 53.0, 14.79
1724254724, 97, 53.0, 14.79
1724254725, 97, 53.0, 14.79
1724254726, 97, 53.0, 14.79
1724254727, 96, 53.0, 14.79
1724254728, 96, 53.0, 14.79
1724254729, 96, 53.0, 14.79
1724254730, 96, 53.0, 14.62
1724254731, 95, 54.0, 14.62
1724254732, 93, 54.0, 14.62
1724254733, 92, 54.0, 14.62
1724254734, 91, 54.0, 14.62
1724254735, 88, 54.0, 14.62
1724254736, 84, 57.0, 14.62
1724254737, 77, 57.0, 14.62
1724254738, 73, 57.0, 14.62
1724254739, 70, 57.0, 14.62
1724254740, 67, 57.0, 14.15
1724254741, 66, NaN, 14.15
1724254742, 65, NaN, 14.15
1724254743, 64, NaN, 14.15
1724254744, 63, NaN, 14.15
1724254745, 63, NaN, NaN
1724254746, NaN, 39.0, NaN
1724254747, NaN, 39.0, NaN
1724254748, NaN, 39.0, NaN
1724254749, NaN, 39.0, NaN
1724254750, NaN, 39.0, NaN
1724254751, NaN, 37.0, NaN
1724254752, NaN, 37.0, NaN
1724254753, NaN, 37.0, NaN
1724254754, NaN, 37.0, NaN
1724254755, NaN, 37.0, NaN
1724254756, NaN, 31.0, NaN
1724254757, NaN, 31.0, NaN
1724254758, NaN, 31.0, NaN
1724254759, NaN, 31.0, NaN
1724254760, NaN, 31.0, NaN
1724254761, NaN, 23.0, NaN
1724254762, NaN, 23.0, NaN
1724254763, NaN, 23.0, NaN
1724254764, NaN, 23.0, NaN
1724254765, NaN, 23.0, NaN
1724254766, NaN, 5.0, NaN
1724254767, NaN, 5.0, NaN
1724254768, NaN, 5.0, NaN
1724254769, NaN, 5.0, NaN
1724254770, NaN, 5.0, NaN
1724254771, NaN, 5.0, NaN
1724254772, NaN, 5.0, NaN
1724254773, NaN, 5.0, NaN
1724254774, NaN, 5.0, NaN
1724254775, NaN, 5.0, NaN
1724254791, 74, NaN, 14.15
1724254792, 73, NaN, 13.72
1724254793, 72, NaN, 13.72
1724254794, 71, NaN, 13.86
1724254795, 72, NaN, 13.86
1724254796, 72, NaN, 13.86
1724254797, 72, NaN, 13.86
1724254798, 73, NaN, 13.86
1724254799, 77, NaN, 13.86
1724254800, 79, NaN, 13.86
1724254801, 79, NaN, 13.86
1724254802, 80, NaN, 13.86
1724254803, 78, NaN, 13.86
1724254804, 76, NaN, 13.79
1724254805, 76, NaN, 13.79
1724254806, 78, 32.0, 13.79
1724254807, 79, 32.0, 13.79
1724254808, 82, 32.0, 13.79
1724254809, 83, 32.0, 13.79
1724254810, 84, 32.0, 13.91
1724254811, 85, 41.0, 13.91
1724254812, 86, 41.0, 13.91
1724254813, 87, 41.0, 13.91
1724254814, 88, 41.0, 13.93
1724254815, 88, 41.0, 13.93
1724254816, 88, 44.0, 14.09
1724254817, 88, 44.0, 14.09
1724254818, 88, 44.0, 14.09
1724254819, 88, 44.0, 14.09
1724254820, 89, 44.0, 14.09
1724254821, 90, 51.0, 14.09
1724254822, 89, 51.0, 14.09
1724254823, 88, 51.0, 13.99
1724254824, 89, 51.0, 13.99
1724254825, 89, 51.0, 14.21
1724254826, 89, 54.0, 14.21
1724254827, 89, 54.0, 14.21
1724254828, 89, 54.0, 14.43
1724254829, 89, 54.0, 14.43
1724254830, 89, 54.0, 14.43
1724254831, 89, 51.0, 14.43
1724254832, 89, 51.0, 14.43
1724254833, 89, 51.0, 14.43
1724254834, 89, 51.0, 14.34
1724254835, 89, 51.0, 14.34
1724254836, 89, 51.0, 14.34
1724254837, 88, 51.0, 14.46
1724254838, 87, 51.0, 14.46
1724254839, 86, 51.0, 14.46
1724254840, 83, 51.0, 14.46
1724254841, 81, 48.0, 14.46
1724254842, 80, 48.0, 14.48
1724254843, 79, 48.0, 14.48
1724254844, 78, 48.0, 14.48
1724254845, 78, 48.0, 14.48
1724254846, 77, 45.0, 14.43
1724254847, 76, 45.0, 14.43
1724254848, 76, 45.0, 14.43
1724254849, 76, 45.0, 14.67
1724254850, 77, 45.0, 14.67
1724254851, 77, NaN, 14.67
1724254852, 77, NaN, 14.67
1724254853, 77, NaN, 14.67
1724254854, 76, NaN, 14.67
1724254855, 77, NaN, 14.67
1724254856, 77, NaN, 14.67
1724254857, 79, NaN, 14.38
1724254858, 80, NaN, 14.38
1724254859, 82, NaN, 14.38
1724254860, 84, NaN, 14.65
1724254861, 87, NaN, 14.65
1724254862, 88, NaN, 14.65
1724254863, 88, NaN, 14.65
1724254864, 88, NaN, 14.62
1724254865, 87, NaN, 14.62
1724254866, 87, 45.0, 14.62
1724254867, 87, 45.0, 14.75
1724254868, 88, 45.0, 14.75
1724254869, 89, 45.0, 14.88
1724254870, 90, 45.0, 14.88
1724254871, 91, 57.0, 14.88
1724254872, 91, 57.0, 14.88
1724254873, 91, 57.0, 14.88
1724254874, 90, 57.0, 14.91
1724254875, 90, 57.0, 14.91
1724254876, 91, 57.0, 14.91
1724254877, 91, 57.0, 15.05
1724254878, 92, 57.0, 15.05
1724254879, 92, 57.0, 15.05
1724254880, 93, 57.0, 15.05
1724254881, 93, 50.0, 15.05
1724254882, 93, 50.0, 15.0
1724254883, 93, 50.0, 15.0
1724254884, 90, 50.0, 15.0
1724254885, 87, 50.0, 15.0
1724254886, 85, 48.0, 15.0
1724254887, 84, 48.0, 15.0
1724254888, 82, 48.0, 15.0
1724254889, 81, 48.0, 15.0
1724254890, 79, 48.0, 15.0
1724254891, 79, 50.0, 14.72
1724254892, 79, 50.0, 14.72
1724254893, 81, 50.0, 14.72
1724254894, 83, 50.0, 14.72
1724254895, 87, 50.0, 14.72
1724254896, 91, 45.0, 14.72
1724254897, 91, 45.0, 14.35
1724254898, 91, 45.0, 14.35
1724254899, 90, 45.0, 14.35
1724254900, 89, 45.0, 14.35
1724254901, 89, 45.0, 14.35
1724254902, 88, 45.0, 14.35
1724254903, 88, 45.0, 14.35
1724254904, 87, 45.0, 14.35
1724254905, 87, 45.0, 14.35
1724254906, 87, 51.0, 14.0
1724254907, 87, 51.0, 14.0
1724254908, 86, 51.0, 14.0
1724254909, 86, 51.0, 14.0
1724254910, 85, 51.0, 13.58
1724254911, 85, 57.0, 13.58
1724254912, 85, 57.0, 13.58
1724254913, 84, 57.0, 13.78
1724254914, 82, 57.0, 13.78
1724254915, 73, 57.0, 13.78
1724254916, 71, 60.0, 13.78
1724254917, 69, 60.0, 13.78
1724254918, 69, 60.0, 13.76
1724254919, 68, 60.0, 13.76
1724254920, 68, 60.0, 13.76
1724254921, 68, NaN, 13.76
1724254922, 68, NaN, 13.87
1724254923, 67, NaN, NaN
1724254984, 72, NaN, 13.87
1724254985, 74, NaN, 13.87
1724254986, 74, NaN, 13.87
1724254987, 74, NaN, 13.87
1724254988, 74, NaN, 13.87
1724254989, 75, NaN, 13.87
1724254990, 77, NaN, 13.87
1724254991, 78, NaN, 14.13
1724254992, 78, NaN, 14.13
1724254993, 78, NaN, 13.97
1724254994, 79, NaN, 13.97
1724254995, 79, NaN, 13.97
1724254996, 80, 32.0, 13.97
1724254997, 80, 32.0, 14.4
1724254998, 80, 32.0, 14.4
1724254999, 81, 32.0, 14.98
1724255000, 81, 32.0, 14.98
1724255001, 81, 35.0, 14.98
1724255002, 80, 35.0, 14.98
1724255003, 79, 35.0, 15.11
1724255004, 79, 35.0, 15.11
1724255005, 79, 35.0, 15.11
1724255006, 79, 38.0, 15.11
1724255007, 79, 38.0, 15.11
1724255008, 79, 38.0, 15.11
1724255009, 80, 38.0, 15.11
1724255010, 80, 38.0, 14.88
1724255011, 80, 37.0, 14.88
1724255012, 81, 37.0, 14.88
1724255013, 82, 37.0, 14.88
1724255014, 82, 37.0, 14.88
1724255015, 82, 37.0, 14.88
1724255016, 83, 37.0, 14.88
1724255017, 85, 37.0, 14.88
1724255018, 86, 37.0, 15.08
1724255019, 88, 37.0, 15.08
1724255020, 88, 37.0, 15.08
1724255021, 89, 37.0, 15.1
1724255022, 89, 37.0, 15.1
1724255023, 89, 37.0, 15.1
1724255024, 90, 37.0, 15.1
1724255025, 89, 37.0, 15.1
1724255026, 84, 44.0, 15.1
1724255027, 76, 44.0, 15.1
1724255028, 75, 44.0, 15.1
1724255029, 71, 44.0, 14.88
1724255030, 70, 44.0, 14.88
1724255031, 70, 50.0, 14.88
1724255032, 70, 50.0, 14.88
1724255033, 71, 50.0, 14.88
1724255034, 74, 50.0, 15.0
1724255035, 75, 50.0, 15.0
1724255036, 75, NaN, 15.0
1724255037, 75, NaN, 14.9
1724255038, 76, NaN, 14.9
1724255039, 75, NaN, 14.9
1724255040, 75, NaN, 14.9
1724255041, 75, NaN, 14.9
1724255042, 76, NaN, 14.9
1724255043, 76, NaN, 14.83
1724255044, 76, NaN, 14.83
1724255045, 77, NaN, 14.83
1724255046, 78, 53.0, 14.83
1724255047, 79, 53.0, 14.83
1724255048, 80, 53.0, 14.83
1724255049, 80, 53.0, 14.83
1724255050, 81, 53.0, 14.76
1724255051, 82, 54.0, 14.76
1724255052, 83, 54.0, 14.76
1724255053, 83, 54.0, 14.76
1724255054, 83, 54.0, 14.76
1724255055, 83, 54.0, 15.08
1724255056, 83, 51.0, 15.15
1724255057, 84, 51.0, 15.15
1724255058, 83, 51.0, 15.15
1724255059, 83, 51.0, 15.15
1724255060, 83, 51.0, 15.15
1724255061, 83, 47.0, 15.15
1724255062, 83, 47.0, 15.15
1724255063, 83, 47.0, 15.15
1724255064, 83, 47.0, 15.15
1724255065, 83, 47.0, 15.15
1724255066, 83, 48.0, 15.15
1724255067, 83, 48.0, 15.15
1724255068, 83, 48.0, 14.97
1724255069, 83, 48.0, 14.97
1724255070, 83, 48.0, 14.97
1724255071, 83, 48.0, 14.97
1724255072, 83, 48.0, 14.97
1724255073, 83, 48.0, 14.85
1724255074, 84, 48.0, 14.85
1724255075, 84, 48.0, 14.85
1724255076, 85, 52.0, 14.85
1724255077, 88, 52.0, 14.85
1724255078, 91, 52.0, 14.91
1724255079, 92, 52.0, 14.94
1724255080, 94, 52.0, 14.94
1724255081, 95, 53.0, 14.94
1724255082, 95, 53.0, 14.94
1724255083, 95, 53.0, 14.94
1724255084, 95, 53.0, 14.94
1724255085, 94, 53.0, 14.94
1724255086, 94, 51.0, 14.94
1724255087, 94, 51.0, 14.94
1724255088, 94, 51.0, 14.94
1724255089, 93, 51.0, 14.94
1724255090, 91, 51.0, 14.74
1724255091, 88, 54.0, 14.74
1724255092, 87, 54.0, 14.74
1724255093, 90, 54.0, 14.74
1724255094, 94, 54.0, 14.74
1724255095, 100, 54.0, 14.53
1724255096, 103, 57.0, 14.53
1724255097, 104, 57.0, 14.7
1724255098, 105, 57.0, 14.7
1724255099, 104, 57.0, 14.7
1724255100, 104, 57.0, 14.7
1724255101, 103, 65.0, 14.7
1724255102, 103, 65.0, 14.7
1724255103, 102, 65.0, 14.75
1724255104, 101, 65.0, 14.75
1724255105, 99, 65.0, 14.75
1724255106, 98, 70.0, 14.75
1724255107, 97, 70.0, 14.75
1724255108, 97, 70.0, 14.67
1724255109, 96, 70.0, 14.67
1724255110, 96, 70.0, 14.67
1724255111, 94, 75.0, 14.72
1724255112, 93, 75.0, 14.72
1724255113, 90, 75.0, 14.86
1724255114, 89, 75.0, 14.86
1724255115, 87, 75.0, 14.86
1724255116, 85, 80.0, 14.86
1724255117, 85, 80.0, 14.92
1724255118, 84, 80.0, 14.92
1724255119, 84, 80.0, 14.92
1724255120, 83, 80.0, 14.92
1724255121, 82, 78.0, 14.92
1724255122, 82, 78.0, 14.92
1724255123, 82, 78.0, 14.92
1724255124, 81, 78.0, 14.92
1724255125, 79, 78.0, 14.92
1724255126, 78, 71.0, 14.92
1724255127, 78, 71.0, 14.92
1724255128, 78, 71.0, 14.78
1724255129, 78, 71.0, 14.83
1724255130, 78, 71.0, 14.83
1724255131, 78, 62.0, 14.83
1724255132, 78, 62.0, 14.83
1724255133, 78, 62.0, 14.83
1724255134, 79, 62.0, 14.83
1724255135, 79, 62.0, 14.83
1724255136, 79, 53.0, 14.83
1724255137, 79, 53.0, 14.83
1724255138, 78, 53.0, 14.83
1724255139, 78, 53.0, 14.83
1724255140, 78, 53.0, 14.83
1724255141, 77, 45.0, 14.69
1724255142, 78, 45.0, 14.69
1724255143, 78, 45.0, 14.69
1724255144, 77, 45.0, 14.69
1724255145, 78, 45.0, 14.69
1724255146, 78, 38.0, 14.69
1724255147, 79, 38.0, 14.69
1724255148, 79, 38.0, 14.69
1724255149, 80, 38.0, 14.4
1724255150, 80, 38.0, 14.4
1724255151, 81, 33.0, 14.4
1724255152, 81, 33.0, 14.4
1724255153, 81, 33.0, 14.4
1724255154, 81, 33.0, 14.51
1724255155, 81, 33.0, 14.51
1724255156, 81, 34.0, 14.51
1724255157, 82, 34.0, 14.51
1724255158, 82, 34.0, 14.51
1724255159, 82, 34.0, 14.51
1724255160, 82, 34.0, 14.32
1724255161, 82, 37.0, 14.32
1724255162, 82, 37.0, 14.32
1724255163, 81, 37.0, 14.32
1724255164, 81, 37.0, 14.32
1724255165, 80, 37.0, 14.4
1724255166, 79, 40.0, 14.4
1724255167, 78, 40.0, 14.55
1724255168, 77, 40.0, 14.55
1724255169, 76, 40.0, 14.81
1724255170, 76, 40.0, 14.81
1724255171, 76, 40.0, 14.81
1724255172, 76, 40.0, 14.81
1724255173, 76, 40.0, 14.82
1724255174, 76, 40.0, 14.82
1724255175, 76, 40.0, 14.82
1724255176, 76, NaN, 14.82
1724255177, 77, NaN, 14.82
1724255178, 76, NaN, 14.82
1724255179, 74, NaN, 14.7
1724255180, 74, NaN, 14.7
1724255181, 73, 41.0, 14.7
1724255182, 72, 41.0, 14.7
1724255183, 72, 41.0, 14.7
1724255184, 73, 41.0, 14.7
1724255185, 72, 41.0, 14.63
1724255186, 73, NaN, 14.8
1724255187, 75, NaN, 14.8
1724255188, 76, NaN, 14.8
1724255189, 75, NaN, 15.01
1724255190, 76, NaN, 15.01
1724255191, 77, NaN, 15.01
1724255192, 76, NaN, 15.01
1724255193, 72, NaN, 15.01
1724255194, 70, NaN, 14.93
1724255195, 70, NaN, 14.93
1724255196, 69, 30.0, 14.93
1724255197, 69, 30.0, 14.93
1724255198, 69, 30.0, 14.93
1724255199, 70, 30.0, 14.84
1724255200, 71, 30.0, 14.84
1724255201, 73, 29.0, 14.84
1724255202, 75, 29.0, 14.84
1724255203, 76, 29.0, 14.84
1724255204, 77, 29.0, 14.84
1724255205, 77, 29.0, 14.98
1724255206, 78, 30.0, 14.98
1724255207, 78, 30.0, 14.92
1724255208, 78, 30.0, 14.92
1724255209, 78, 30.0, 14.92
1724255210, 78, 30.0, 14.92
1724255211, 78, 30.0, 14.92
1724255212, 77, 30.0, 14.92
1724255213, 76, 30.0, 14.92
1724255214, 75, 30.0, 14.92
1724255215, 75, 30.0, 14.46
1724255216, 75, NaN, 14.46
1724255217, 75, NaN, 14.46
1724255218, 74, NaN, 14.46
1724255219, 74, NaN, 14.46
1724255220, 74, NaN, 14.46
1724255221, 74, NaN, 14.46
1724255222, 74, NaN, 14.46
1724255223, 74, NaN, 14.46
1724255224, 74, NaN, 14.16
1724255225, 75, NaN, 14.16
1724255226, 75, NaN, 14.16
1724255227, 75, NaN, 14.16
1724255228, 75, NaN, 14.16
1724255229, 74, NaN, 14.16
1724255230, 73, NaN, 14.16
1724255231, 73, NaN, 14.16
1724255232, 73, NaN, 14.16
1724255233, 73, NaN, 13.89
1724255234, 73, NaN, 13.89
1724255235, 73, NaN, 13.89
1724255236, 73, NaN, 13.89
1724255237, 73, NaN, 13.67
1724255238, 73, NaN, 13.67
1724255239, 73, NaN, 13.67
1724255240, 73, NaN, 13.67
1724255241, 73, NaN, 13.83
1724255242, 74, NaN, 13.83
1724255243, 75, NaN, 13.83
1724255244, 75, NaN, 13.83
1724255245, 76, NaN, 13.83
1724255246, 76, NaN, 13.83
1724255247, 76, NaN, 13.6
1724255248, 77, NaN, 13.6
1724255249, 77, NaN, 13.8
1724255250, 77, NaN, 13.8
1724255251, 77, 27.0, 13.8
1724255252, 77, 27.0, 14.02
1724255253, 78, 27.0, 14.02
1724255254, 79, 27.0, 14.24
1724255255, 78, 27.0, 14.24
1724255256, 78, 27.0, 14.24
1724255257, 78, 27.0, 14.24
1724255258, 78, 27.0, 14.29
1724255259, 78, 27.0, 14.29
1724255260, 79, 27.0, 14.29
1724255261, 79, 27.0, 14.29
1724255262, 79, 27.0, 14.29
1724255263, 79, 27.0, 14.29
1724255264, 79, 27.0, 14.29
1724255265, 78, 27.0, 14.32
1724255266, 78, 29.0, 14.32
1724255267, 78, 29.0, 14.32
1724255268, 77, 29.0, 14.32
1724255269, 77, 29.0, 14.32
1724255270, 76, 29.0, 14.18
1724255271, 76, 30.0, 14.18
1724255272, 75, 30.0, 14.18
1724255273, 75, 30.0, 14.18
1724255274, 74, 30.0, 14.3
1724255275, 74, 30.0, 14.3
1724255276, 74, NaN, 14.3
1724255277, 73, NaN, 14.3
1724255278, 73, NaN, 14.49
1724255279, 73, NaN, 14.49
1724255280, 73, NaN, 14.49
1724255281, 73, NaN, 14.49
1724255282, 74, NaN, 14.36
1724255283, 74, NaN, 14.36
1724255284, 74, NaN, 14.36
1724255285, 74, NaN, 14.36
1724255286, 75, NaN, 14.48
1724255287, 74, NaN, 14.48
1724255288, 72, NaN, 14.48
1724255289, 69, NaN, 14.48
1724255290, 67, NaN, 14.48
1724255291, 66, NaN, 14.48
1724255292, 66, NaN, 14.28
1724255293, 66, NaN, 14.28
1724255294, 66, NaN, 14.28
1724255295, 66, NaN, 14.46
1724255296, 65, 21.0, 14.46
1724255297, 65, 21.0, 14.46
1724255298, 65, 21.0, 14.46
1724255299, 64, 21.0, 14.46
1724255300, 63, 21.0, 14.49
1724255301, 62, 11.0, 14.49
1724255302, 62, 11.0, 14.71
1724255303, 63, 11.0, 14.71
1724255304, 63, 11.0, 14.71
1724255305, 64, 11.0, 14.71
1724255306, 69, 9.0, 14.83
1724255307, 73, 9.0, 14.83
