Timestamp, HR(bpm), Stress(ms), Resp(brpm)
1724317607, NaN, 27.0, NaN
1724317609, NaN, 27.0, NaN
1724317610, NaN, 27.0, NaN
1724317657, 74, NaN, NaN
1724317658, 74, NaN, NaN
1724317659, 76, NaN, NaN
1724317660, 73, NaN, NaN
1724317661, 73, NaN, NaN
1724317662, 72, NaN, NaN
1724317663, 76, NaN, NaN
1724317664, 76, NaN, NaN
1724317665, 76, NaN, NaN
1724317666, 77, NaN, NaN
1724317667, 77, NaN, NaN
1724317668, 79, NaN, NaN
1724317669, 82, NaN, NaN
1724317670, 83, NaN, NaN
1724317671, 84, 30.0, NaN
1724317672, 84, 30.0, NaN
1724317673, 84, 30.0, NaN
1724317674, 83, 30.0, NaN
1724317675, 83, 30.0, 12.43
1724317676, 82, 47.0, 12.43
1724317677, 81, 47.0, 12.43
1724317678, 80, 47.0, 12.43
1724317679, 80, 47.0, 12.43
1724317680, 80, 47.0, 12.43
1724317681, 80, 45.0, 12.43
1724317682, 80, 45.0, 12.62
1724317683, 79, 45.0, 12.62
1724317684, 79, 45.0, 12.62
1724317685, 78, 45.0, 12.97
1724317686, 78, 44.0, 12.97
1724317687, 78, 44.0, 13.27
1724317688, 78, 44.0, 13.27
1724317689, 79, 44.0, 13.27
1724317690, 81, 44.0, 13.27
1724317691, 80, 42.0, 13.32
1724317692, 80, 42.0, 13.32
1724317693, 79, 42.0, 13.84
1724317694, 78, 42.0, 13.84
1724317695, 78, 42.0, 13.84
1724317696, 78, 40.0, 14.25
1724317697, 77, 40.0, 14.25
1724317698, 77, 40.0, 14.25
1724317699, 77, 40.0, 14.51
1724317700, 77, 40.0, 14.51
1724317701, 77, 40.0, 14.88
1724317702, 78, 40.0, 14.88
1724317703, 79, 40.0, 16.31
1724317704, 80, 40.0, 16.31
1724317705, 81, 40.0, 16.31
1724317706, 83, 36.0, 16.31
1724317707, 83, 36.0, 16.31
1724317708, 83, 36.0, 16.24
1724317709, 82, 36.0, 16.24
1724317710, 82, 36.0, 16.24
1724317711, 80, 37.0, 16.24
1724317712, 77, 37.0, 16.24
1724317713, 75, 37.0, 16.24
1724317714, 74, 37.0, 16.24
1724317715, 74, 37.0, 16.24
1724317716, 74, 39.0, 16.24
1724317717, 73, 39.0, 16.24
1724317718, 73, 39.0, 16.14
1724317719, 73, 39.0, 16.14
1724317720, 73, 39.0, 16.14
1724317721, 73, NaN, 16.14
1724317722, 73, NaN, 16.14
1724317723, 73, NaN, 16.14
1724317724, 73, NaN, 16.14
1724317725, 74, NaN, 16.14
1724317726, 74, NaN, 16.14
1724317727, 74, NaN, 16.14
1724317728, 74, NaN, 16.14
1724317729, 74, NaN, 16.14
1724317730, 74, NaN, 16.14
1724317731, 74, NaN, 16.03
1724317732, 74, NaN, 15.96
1724317733, 74, NaN, 15.96
1724317734, 75, NaN, 15.96
1724317735, 76, NaN, 15.96
1724317736, 76, NaN, 15.96
1724317737, 77, NaN, 15.96
1724317738, 77, NaN, 15.96
1724317739, 76, NaN, 15.96
1724317740, 76, NaN, 15.96
1724317741, 76, 40.0, 15.96
1724317742, 76, 40.0, 15.96
1724317743, 76, 40.0, 15.96
1724317744, 76, 40.0, 15.96
1724317745, 76, 40.0, 15.62
1724317746, 76, NaN, 15.62
1724317747, 76, NaN, 15.62
1724317748, 76, NaN, 15.62
1724317749, 76, NaN, 15.62
1724317750, 76, NaN, 15.62
1724317751, 77, NaN, 15.62
1724317752, 77, NaN, 15.62
1724317753, 77, NaN, 15.62
1724317754, 77, NaN, 15.62
1724317755, 77, NaN, 15.62
1724317756, 77, 30.0, 15.62
1724317757, 77, 30.0, 15.62
1724317758, 78, 30.0, 15.29
1724317759, 78, 30.0, 15.29
1724317760, 78, 30.0, 15.29
1724317761, 78, 30.0, 15.29
1724317762, 79, 30.0, 15.29
1724317763, 79, 30.0, 15.29
1724317764, 79, 30.0, 15.29
1724317765, 79, 30.0, 15.29
1724317766, 79, 30.0, 15.29
1724317767, 79, 30.0, 15.29
1724317768, 78, 30.0, 15.29
1724317769, 78, 30.0, 14.72
1724317770, 78, 30.0, 14.72
1724317771, 79, 32.0, 14.72
1724317772, 80, 32.0, 14.72
1724317773, 82, 32.0, 14.72
1724317774, 84, 32.0, 14.72
1724317775, 85, 32.0, 14.72
1724317776, 85, 35.0, 14.72
1724317777, 84, 35.0, 14.72
1724317778, 84, 35.0, 14.3
1724317779, 82, 35.0, 14.3
1724317780, 79, 35.0, 14.3
1724317781, 76, 40.0, 14.4
1724317782, 74, 40.0, 14.4
1724317783, 72, 40.0, 14.4
1724317784, 72, 40.0, 14.4
1724317785, 72, 40.0, 14.45
1724317786, 72, NaN, 14.45
1724317787, 72, NaN, 14.45
1724317788, 72, NaN, 14.55
1724317789, 72, NaN, 14.55
1724317790, 72, NaN, 14.55
1724317791, 72, NaN, 14.55
1724317792, 73, NaN, 14.59
1724317793, 75, NaN, 14.59
1724317794, 78, NaN, 14.59
1724317795, 84, NaN, 14.59
1724317796, 91, 53.0, 14.59
1724317797, 97, 53.0, 14.59
1724317798, 100, 53.0, 14.45
1724317799, 100, 53.0, 14.45
1724317800, 99, 53.0, 14.71
1724317801, 99, 66.0, 14.71
1724317802, 99, 66.0, 14.71
1724317803, 98, 66.0, 15.08
1724317804, 97, 66.0, 15.08
1724317805, 97, 66.0, 15.47
1724317806, 96, 74.0, 15.47
1724317807, 95, 74.0, 15.47
1724317808, 95, 74.0, 15.73
1724317809, 95, 74.0, 15.73
1724317810, 94, 74.0, 16.13
1724317811, 94, 77.0, 16.13
1724317812, 94, 77.0, 16.13
1724317813, 94, 77.0, 16.13
1724317814, 93, 77.0, 16.13
1724317815, 91, 77.0, 16.13
1724317816, 91, 77.0, 16.03
1724317817, 89, 77.0, 16.03
1724317818, 88, 77.0, 16.03
1724317819, 87, 77.0, 16.03
1724317820, 87, 77.0, 16.03
1724317821, 86, 76.0, 15.96
1724317822, 85, 76.0, 15.96
1724317823, 85, 76.0, 16.07
1724317824, 85, 76.0, 16.07
1724317825, 85, 76.0, 16.07
1724317826, 84, 76.0, 16.07
1724317827, 84, 76.0, 16.1
1724317828, 84, 76.0, 16.1
1724317829, 84, 76.0, 16.25
1724317830, 84, 76.0, 16.25
1724317831, 84, 72.0, 16.25
1724317832, 82, 72.0, 16.37
1724317833, 76, 72.0, 16.37
1724317834, 77, 72.0, 16.37
1724317835, 77, 72.0, 16.37
1724317836, 77, NaN, 16.37
1724317837, 78, NaN, 16.37
1724317838, 79, NaN, 16.37
1724317839, 81, NaN, 16.37
1724317840, 82, NaN, 16.36
1724317841, 84, 61.0, 16.36
1724317842, 85, 61.0, 16.36
1724317843, 86, 61.0, 16.41
1724317844, 86, 61.0, 16.41
1724317845, 86, 61.0, 16.41
1724317846, 87, 58.0, 16.41
1724317847, 87, 58.0, 16.41
1724317848, 87, 58.0, 16.17
1724317849, 87, 58.0, 16.17
1724317850, 88, 57.0, 16.17
1724317851, 88, 57.0, 16.41
1724317852, 87, 57.0, 16.41
1724317853, 87, 57.0, 16.41
1724317854, 86, 57.0, 16.41
1724317855, 86, 57.0, 16.38
1724317856, 86, 57.0, 16.38
1724317857, 85, 57.0, 16.38
1724317858, 85, 57.0, 16.6
1724317859, 86, 57.0, 16.6
1724317860, 86, 57.0, 16.76
1724317861, 87, 57.0, 16.76
1724317862, 89, 57.0, 16.76
1724317863, 93, 57.0, 16.76
1724317864, 96, 57.0, 16.81
1724317865, 97, 57.0, 16.81
1724317866, 99, 58.0, 17.09
1724317867, 99, 58.0, 17.09
1724317868, 99, 58.0, 17.09
1724317869, 99, 58.0, 17.09
1724317870, 99, 58.0, 17.3
1724317871, 99, 66.0, 17.3
1724317872, 99, 66.0, 17.78
1724317873, 99, 66.0, 17.78
1724317874, 99, 66.0, 17.78
1724317875, 99, 66.0, 18.19
1724317876, 99, 69.0, 18.19
1724317877, 99, 69.0, 18.83
1724317878, 99, 69.0, 18.83
1724317879, 99, 69.0, 18.83
1724317880, 99, 69.0, 18.83
1724317881, 99, 70.0, 18.75
1724317882, 98, 70.0, 18.75
1724317883, 98, 70.0, 18.75
1724317884, 97, 70.0, 18.75
1724317885, 97, 70.0, 18.75
1724317886, 97, 75.0, 18.75
1724317887, 96, 75.0, 18.64
1724317888, 96, 75.0, 18.64
1724317889, 96, 75.0, 18.64
1724317890, 95, 75.0, 18.64
1724317891, 95, 77.0, 18.61
1724317892, 96, 77.0, 18.61
1724317893, 96, 77.0, 18.61
1724317894, 96, 77.0, 18.61
1724317895, 95, 77.0, 18.55
1724317896, 94, 78.0, 18.55
1724317897, 92, 78.0, 18.66
1724317898, 91, 78.0, 18.66
1724317899, 91, 78.0, 18.73
1724317900, 91, 78.0, 18.73
1724317901, 92, 77.0, 18.73
1724317902, 92, 77.0, 18.73
1724317903, 93, 77.0, 18.73
1724317904, 93, 77.0, 18.6
1724317905, 92, 77.0, 18.6
1724317906, 92, 75.0, 18.69
1724317907, 91, 75.0, 18.69
1724317908, 91, 75.0, 18.69
1724317909, 91, 75.0, 18.83
1724317910, 91, 75.0, 18.83
1724317911, 92, 72.0, 18.83
1724317912, 92, 72.0, 18.83
1724317913, 92, 72.0, 18.78
1724317914, 92, 72.0, 18.78
1724317915, 92, 72.0, 18.91
1724317916, 90, 68.0, 18.91
1724317917, 88, 68.0, 18.91
1724317918, 88, 68.0, 18.91
1724317919, 88, 68.0, 18.77
1724317920, 88, 68.0, 18.77
1724317921, 87, 66.0, 18.77
1724317922, 88, 66.0, 18.9
1724317923, 88, 66.0, 18.9
1724317924, 88, 66.0, 18.9
1724317925, 89, 66.0, 18.8
1724317926, 89, 65.0, 18.8
1724317927, 89, 65.0, 18.8
1724317928, 90, 65.0, 18.98
1724317929, 89, 65.0, 18.98
1724317930, 88, 65.0, 19.16
1724317931, 88, 66.0, 19.16
1724317932, 88, 66.0, 19.16
1724317933, 88, 66.0, 19.45
1724317934, 88, 66.0, 19.45
1724317935, 87, 66.0, 19.66
1724317936, 87, 66.0, 19.66
1724317937, 88, 66.0, 19.66
1724317938, 88, 66.0, 21.84
1724317939, 88, 66.0, 21.84
1724317940, 88, 66.0, 21.84
1724317941, 88, 66.0, 21.7
1724317942, 89, 66.0, 21.7
1724317943, 88, 66.0, 21.8
1724317944, 89, 66.0, 21.8
1724317945, 89, 66.0, 21.8
1724317946, 89, 69.0, 21.8
1724317947, 89, 69.0, 21.8
1724317948, 89, 69.0, 21.8
1724317949, 90, 69.0, 21.69
1724317950, 90, 69.0, 21.69
1724317951, 92, 69.0, 21.72
1724317952, 98, 69.0, 21.72
1724317953, 105, 69.0, 21.72
1724317954, 110, 69.0, 21.72
1724317955, 113, 69.0, 21.72
1724317956, 117, 72.0, 21.72
1724317957, 118, 72.0, 21.72
1724317958, 119, 72.0, 21.72
1724317959, 119, 72.0, 21.62
1724317960, 119, 72.0, 21.62
1724317961, 119, 77.0, 21.62
1724317962, 119, 77.0, 21.62
1724317963, 119, 77.0, 21.62
1724317964, 119, 77.0, 21.55
1724317965, 119, 77.0, 21.55
1724317966, 119, 81.0, 21.55
1724317967, 120, 81.0, 21.55
1724317968, 120, 81.0, 21.55
1724317969, 119, 81.0, 21.45
1724317970, 119, 81.0, 21.45
1724317971, 119, 86.0, 21.45
1724317972, 119, 86.0, 21.49
1724317973, 119, 86.0, 21.49
1724317974, 119, 86.0, 21.49
1724317975, 119, 86.0, 21.49
1724317976, 118, 90.0, 21.49
1724317977, 118, 90.0, 21.49
1724317978, 118, 90.0, 21.49
1724317979, 118, 90.0, 21.49
1724317980, 117, 90.0, 21.49
1724317981, 117, 95.0, 21.49
1724317982, 117, 95.0, 21.39
1724317983, 117, 95.0, 21.39
1724317984, 117, 95.0, 21.4
1724317985, 116, 95.0, 21.4
1724317986, 115, 95.0, 21.4
1724317987, 113, 95.0, 21.38
1724317988, 111, 95.0, 21.38
1724317989, 110, 95.0, 21.38
1724317990, 109, 95.0, 21.42
1724317991, 109, 94.0, 21.42
1724317992, 109, 94.0, 21.43
1724317993, 109, 94.0, 21.43
1724317994, 109, 94.0, 21.43
1724317995, 108, 94.0, 21.43
1724317996, 108, 93.0, 21.26
1724317997, 108, 93.0, 21.26
1724317998, 108, 93.0, 21.26
1724317999, 108, 93.0, 21.32
1724318000, 107, 93.0, 21.32
1724318001, 107, 93.0, 21.39
1724318002, 107, 93.0, 21.39
1724318003, 107, 93.0, 21.39
1724318004, 107, 93.0, 21.48
1724318005, 107, 93.0, 21.48
1724318006, 107, 92.0, 21.48
1724318007, 107, 92.0, 21.35
1724318008, 108, 92.0, 21.35
1724318009, 108, 92.0, 21.35
1724318010, 108, 92.0, 21.47
1724318011, 108, 90.0, 21.47
1724318012, 108, 90.0, 21.61
1724318013, 109, 90.0, 21.61
1724318014, 109, 90.0, 21.79
1724318015, 109, 90.0, 21.79
1724318016, 109, 91.0, 21.79
1724318017, 110, 91.0, 21.81
1724318018, 110, 91.0, 21.81
1724318019, 109, 91.0, 21.81
1724318020, 109, 91.0, 21.81
1724318021, 109, 91.0, 21.81
1724318022, 108, 91.0, 21.64
1724318023, 108, 91.0, 21.64
1724318024, 106, 91.0, 21.64
1724318025, 105, 91.0, 21.64
1724318026, 103, 91.0, 21.56
1724318027, 103, 91.0, 21.56
1724318028, 102, 91.0, 21.61
1724318029, 102, 91.0, 21.61
1724318030, 102, 91.0, 21.61
1724318031, 102, 90.0, 21.63
1724318032, 103, 90.0, 21.63
1724318033, 103, 90.0, 21.7
1724318034, 104, 90.0, 21.7
1724318035, 105, 90.0, 21.7
1724318036, 106, 90.0, 21.7
1724318037, 107, 90.0, 21.7
1724318038, 108, 90.0, 21.52
1724318039, 108, 90.0, 21.52
1724318040, 108, 90.0, 21.57
1724318041, 107, 90.0, 21.57
1724318042, 107, 90.0, 21.57
1724318043, 107, 90.0, 21.57
1724318044, 107, 90.0, 21.57
1724318045, 107, 90.0, 21.43
1724318046, 107, 90.0, 21.43
1724318047, 106, 90.0, 21.51
1724318048, 106, 90.0, 21.51
1724318049, 107, 90.0, 21.51
1724318050, 107, 90.0, 21.45
1724318051, 106, 90.0, 21.45
1724318052, 106, 90.0, 21.45
1724318053, 105, 90.0, 21.45
1724318054, 105, 90.0, 21.45
1724318055, 104, 90.0, 21.45
1724318056, 105, 90.0, 21.45
1724318057, 105, 90.0, 21.31
1724318058, 105, 90.0, 21.31
1724318059, 105, 90.0, 21.31
1724318060, 105, 90.0, 21.29
1724318061, 105, 90.0, 21.29
1724318062, 106, 90.0, 21.29
1724318063, 107, 90.0, 21.22
1724318064, 109, 90.0, 21.22
1724318065, 108, 90.0, 21.22
1724318066, 108, 90.0, 21.22
1724318067, 108, 90.0, 20.87
1724318068, 108, 90.0, 20.87
1724318069, 107, 90.0, 20.87
1724318070, 107, 90.0, 20.98
1724318071, 106, 90.0, 20.98
1724318072, 106, 90.0, 21.11
1724318073, 105, 90.0, 21.11
1724318074, 105, 90.0, 21.11
1724318075, 104, 90.0, 21.14
1724318076, 103, 90.0, 21.14
1724318077, 102, 90.0, 21.22
1724318078, 102, 90.0, 21.22
1724318079, 102, 90.0, 21.22
1724318080, 101, 90.0, 21.59
1724318081, 102, 90.0, 21.59
1724318082, 103, 90.0, 22.07
1724318083, 103, 90.0, 22.07
1724318084, 103, 90.0, 22.07
1724318085, 103, 90.0, 22.06
1724318086, 102, 90.0, 22.06
1724318087, 102, 90.0, 22.06
1724318088, 101, 90.0, 22.06
1724318089, 100, 90.0, 21.98
1724318090, 100, 90.0, 21.98
1724318091, 101, 90.0, 21.86
1724318092, 101, 90.0, 21.86
1724318093, 103, 90.0, 21.86
1724318094, 104, 90.0, 21.88
1724318095, 105, 90.0, 21.88
1724318096, 105, 89.0, 21.99
1724318097, 105, 89.0, 21.99
1724318098, 106, 89.0, 21.99
1724318099, 106, 89.0, 21.99
1724318100, 106, 89.0, 21.99
1724318101, 106, 89.0, 21.99
1724318102, 105, 89.0, 21.99
1724318103, 106, 89.0, 21.93
1724318104, 106, 89.0, 21.93
1724318105, 107, 89.0, 21.93
1724318106, 108, 88.0, 21.93
1724318107, 108, 88.0, 21.76
1724318108, 109, 88.0, 21.76
1724318109, 110, 88.0, 21.76
1724318110, 110, 88.0, 21.78
1724318111, 110, 88.0, 21.78
1724318112, 109, 88.0, 21.78
1724318113, 108, 88.0, 21.78
1724318114, 108, 88.0, 21.78
1724318115, 108, 88.0, 21.78
1724318116, 109, 90.0, 21.66
1724318117, 110, 90.0, 21.66
1724318118, 110, 90.0, 21.68
1724318119, 110, 90.0, 21.68
1724318120, 109, 90.0, 21.68
1724318121, 108, 90.0, 21.68
1724318122, 108, 90.0, 21.65
1724318123, 107, 90.0, 21.65
1724318124, 107, 90.0, 21.65
1724318125, 107, 90.0, 21.65
1724318126, 107, 91.0, 21.65
1724318127, 107, 91.0, 21.65
1724318128, 107, 91.0, 21.65
1724318129, 106, 91.0, 21.65
1724318130, 106, 91.0, 21.65
1724318131, 106, 91.0, 21.65
1724318132, 106, 91.0, 21.5
1724318133, 105, 91.0, 21.5
1724318134, 105, 91.0, 21.5
1724318135, 105, 91.0, 21.5
1724318136, 105, 92.0, 21.5
1724318137, 104, 92.0, 21.5
1724318138, 104, 92.0, 21.5
1724318139, 104, 92.0, 21.5
1724318140, 104, 92.0, 21.5
1724318141, 104, 91.0, 21.5
1724318142, 104, 91.0, 21.5
1724318143, 103, 91.0, 21.31
1724318144, 103, 91.0, 21.31
1724318145, 104, 91.0, 21.31
1724318146, 105, 90.0, 21.31
1724318147, 106, 90.0, 21.31
1724318148, 106, 90.0, 21.31
1724318149, 106, 90.0, 21.31
1724318150, 107, 90.0, 21.31
1724318151, 108, 90.0, 21.31
1724318152, 108, 90.0, 21.31
1724318153, 107, 90.0, 21.31
1724318154, 107, 90.0, 21.31
1724318155, 107, 90.0, 21.31
1724318156, 106, 90.0, 21.31
1724318157, 106, 90.0, 21.31
1724318158, 103, 90.0, 21.14
1724318159, 103, 90.0, 21.14
1724318160, 104, 90.0, 21.14
1724318161, 104, 89.0, 21.14
1724318162, 104, 89.0, 21.14
1724318163, 103, 89.0, 21.14
1724318164, 103, 89.0, 21.14
1724318165, 102, 89.0, 21.14
1724318166, 102, 88.0, 20.78
1724318167, 101, 88.0, 20.78
1724318168, 101, 88.0, 20.81
1724318169, 101, 88.0, 20.81
1724318170, 100, 88.0, 20.81
1724318171, 99, 88.0, 20.81
1724318172, 98, 88.0, 20.76
1724318173, 98, 88.0, 20.76
1724318174, 98, 88.0, 20.76
1724318175, 98, 88.0, 20.77
1724318176, 98, 87.0, 20.77
1724318177, 97, 87.0, 20.81
1724318178, 98, 87.0, 20.81
1724318179, 98, 87.0, 21.03
1724318180, 98, 87.0, 21.03
1724318181, 99, 86.0, 21.03
1724318182, 99, 86.0, 21.21
1724318183, 100, 86.0, 21.21
1724318184, 100, 86.0, 21.21
1724318185, 100, 86.0, 22.02
1724318186, 101, 85.0, 22.02
1724318187, 101, 85.0, 23.94
1724318188, 102, 85.0, 23.94
1724318189, 102, 85.0, 23.94
1724318190, 102, 85.0, 23.94
1724318191, 102, 84.0, 23.83
1724318192, 102, 84.0, 23.83
1724318193, 102, 84.0, 23.81
1724318194, 101, 84.0, 23.81
1724318195, 102, 84.0, 23.81
1724318196, 102, 84.0, 23.81
1724318197, 100, 84.0, 23.81
1724318198, 98, 84.0, 23.82
1724318199, 97, 84.0, 23.82
1724318200, 95, 84.0, 23.82
1724318201, 94, 84.0, 23.82
1724318202, 94, 84.0, 23.72
1724318203, 94, 84.0, 23.72
1724318204, 94, 84.0, 23.72
1724318205, 94, 84.0, 23.72
1724318206, 93, 83.0, 23.62
1724318207, 93, 83.0, 23.62
1724318208, 93, 83.0, 23.63
1724318209, 94, 83.0, 23.63
1724318210, 96, 83.0, 23.63
1724318211, 98, 82.0, 23.63
1724318212, 98, 82.0, 23.63
1724318213, 98, 82.0, 23.63
1724318214, 98, 82.0, 23.63
1724318215, 98, 82.0, 23.63
1724318216, 99, 82.0, 23.63
1724318217, 99, 82.0, 23.63
1724318218, 99, 82.0, 23.63
1724318219, 99, 82.0, 23.63
1724318220, 100, 82.0, 23.63
1724318221, 100, 81.0, 23.63
1724318222, 100, 81.0, NaN
1724318223, NaN, 81.0, NaN
1724318224, NaN, 81.0, NaN
1724318225, NaN, 81.0, NaN
1724318226, NaN, 81.0, NaN
1724318227, NaN, 81.0, NaN
1724318228, NaN, 81.0, NaN
1724318229, NaN, 81.0, NaN
1724318230, NaN, 81.0, NaN
1724318231, NaN, 80.0, NaN
1724318232, 74, 80.0, 23.63
1724318233, 72, 80.0, 23.51
1724318234, 73, 80.0, 23.51
1724318235, 74, 80.0, 23.51
1724318236, 73, NaN, 23.51
1724318237, 76, NaN, 23.54
1724318238, 79, NaN, 23.54
1724318239, 82, NaN, 23.54
1724318240, 81, NaN, 23.54
1724318241, 80, NaN, 23.54
1724318242, 79, NaN, 23.54
1724318243, 77, NaN, 23.54
1724318244, 76, NaN, 23.54
1724318245, 76, NaN, 23.54
1724318246, 76, 57.0, 23.54
1724318247, 76, 57.0, 23.54
1724318248, 76, 57.0, 23.54
1724318249, 76, 57.0, 23.54
1724318250, 76, 57.0, 23.54
1724318251, 76, NaN, 23.54
1724318252, 76, NaN, 23.54
1724318253, 76, NaN, 23.56
1724318254, 76, NaN, 23.56
1724318255, 77, NaN, 23.56
1724318256, 77, NaN, 23.54
1724318257, 77, NaN, 23.54
1724318258, 77, NaN, 23.54
1724318259, 77, NaN, 23.5
1724318260, 80, NaN, 23.5
1724318261, 84, NaN, 23.5
1724318262, 85, NaN, 23.57
1724318263, 85, NaN, 23.57
1724318264, 85, NaN, 23.52
1724318265, 85, NaN, 23.52
1724318266, 85, 34.0, 23.52
1724318267, 85, 34.0, 23.52
1724318268, 85, 34.0, 23.52
1724318269, 85, 34.0, 23.52
1724318270, 85, 34.0, 23.33
1724318271, 88, 45.0, 23.33
1724318272, 97, 45.0, 23.33
1724318273, 106, 45.0, 23.31
1724318274, 109, 45.0, 23.31
1724318275, 109, 45.0, 23.31
1724318276, 110, 56.0, 23.25
1724318277, 110, 56.0, 23.25
1724318278, 110, 56.0, 23.33
1724318279, 110, 56.0, 23.33
1724318280, 110, 56.0, 23.39
1724318281, 110, 65.0, 23.39
1724318282, 110, 65.0, 23.39
1724318283, 109, 65.0, 23.39
1724318284, 108, 65.0, 23.39
1724318285, 108, 65.0, 23.24
1724318286, 108, 70.0, 23.24
1724318287, 108, 70.0, 23.24
1724318288, 108, 70.0, 23.16
1724318289, 108, 70.0, 23.16
1724318290, 108, 70.0, 23.16
1724318291, 107, 74.0, 23.18
1724318292, 105, 74.0, 23.18
1724318293, 104, 74.0, 23.18
1724318294, 103, 74.0, 23.08
1724318295, 102, 74.0, 23.08
1724318296, 102, 82.0, 23.08
1724318297, 103, 82.0, 23.08
1724318298, 105, 82.0, 23.08
1724318299, 105, 82.0, 22.83
1724318300, 103, 82.0, 22.83
1724318301, 103, 87.0, 22.88
1724318302, 102, 87.0, 22.88
1724318303, 102, 87.0, 22.88
1724318304, 102, 87.0, 22.72
1724318305, 102, 87.0, 22.72
1724318306, 102, 90.0, 22.72
1724318307, 102, 90.0, 22.72
1724318308, 101, 90.0, 22.72
1724318309, 101, 90.0, 22.39
1724318310, 101, 90.0, 22.39
1724318311, 100, 90.0, 22.39
1724318312, 100, 90.0, 22.39
1724318313, 101, 90.0, 22.39
1724318314, 101, 90.0, 22.39
1724318315, 101, 90.0, 22.16
1724318316, 102, 85.0, 22.16
1724318317, 101, 85.0, 22.16
1724318318, 100, 85.0, 22.16
1724318319, 101, 85.0, 22.16
1724318320, 101, 85.0, 22.16
1724318321, 101, 83.0, 21.9
1724318322, 99, 83.0, 21.9
1724318323, 98, 83.0, 21.9
1724318324, 97, 83.0, 21.9
1724318325, 96, 83.0, 21.9
1724318326, 94, 82.0, 21.9
1724318327, 93, 82.0, 21.9
1724318328, 92, 82.0, 21.9
1724318329, 90, 82.0, 21.92
1724318330, 88, 82.0, 21.92
1724318331, 86, 79.0, 21.92
1724318332, 85, 79.0, 21.89
1724318333, 84, 79.0, 21.89
1724318334, 83, 79.0, 21.89
1724318335, 83, 79.0, 22.3
1724318336, 82, 76.0, 22.3
1724318337, 81, 76.0, 22.3
1724318338, 80, 76.0, 21.97
1724318339, 79, 76.0, 21.97
1724318340, 78, 76.0, 21.97
1724318341, 78, 67.0, 21.97
1724318342, 78, 67.0, 21.75
1724318343, 78, 67.0, 21.75
1724318344, 78, 67.0, 21.75
1724318345, 78, 67.0, 21.65
1724318346, 77, 63.0, 21.65
1724318347, 77, 63.0, 21.65
1724318348, 77, 63.0, 21.7
1724318349, 76, 63.0, 21.7
1724318350, 76, 63.0, 21.7
1724318351, 76, NaN, 21.7
1724318352, 76, NaN, 21.41
1724318353, 75, NaN, 21.41
1724318354, 74, NaN, 21.41
1724318355, 73, NaN, 21.17
1724318356, 72, 50.0, 21.17
1724318357, 71, 50.0, 21.17
1724318358, 68, 50.0, 21.23
1724318359, 67, 50.0, 21.23
1724318360, 67, 50.0, 21.32
1724318361, 67, 42.0, 21.32
1724318362, 67, 42.0, 21.32
1724318363, 67, 42.0, 21.4
1724318364, 68, 42.0, 21.4
1724318365, 69, 42.0, 21.4
1724318366, 70, 29.0, 21.4
1724318367, 71, 29.0, 21.5
1724318368, 73, 29.0, 21.5
1724318369, 75, 29.0, 21.18
1724318370, 75, 29.0, 21.18
1724318371, 76, NaN, 21.18
1724318372, 76, NaN, 21.18
1724318373, 76, NaN, 21.18
1724318374, 76, NaN, 21.02
1724318375, 76, NaN, 21.02
1724318376, 76, NaN, 21.02
1724318377, 76, NaN, 21.02
1724318378, 77, NaN, 21.02
1724318379, 76, NaN, 20.91
1724318380, 76, NaN, 20.91
1724318381, 75, NaN, 20.95
1724318382, 74, NaN, 20.95
1724318383, 72, NaN, 20.95
1724318384, 70, NaN, 20.95
1724318385, 69, NaN, 20.86
1724318386, 68, 23.0, 20.86
1724318387, 68, 23.0, 20.86
1724318388, 69, 23.0, 20.81
1724318389, 69, 23.0, 20.81
1724318390, 69, 23.0, 20.81
1724318391, 70, 23.0, 20.83
1724318392, 71, 23.0, 20.83
1724318393, 72, 23.0, 20.96
1724318394, 72, 23.0, 20.96
1724318395, 72, 23.0, 20.96
1724318396, 71, NaN, 20.96
1724318397, 71, NaN, 20.76
1724318398, 71, NaN, 20.76
1724318399, 72, NaN, 20.76
1724318400, 73, NaN, 20.76
1724318401, 74, 23.0, 20.57
1724318402, 74, 23.0, 20.57
1724318403, 73, 23.0, 20.69
1724318404, 72, 23.0, 20.69
1724318405, 72, 23.0, 20.69
1724318406, 72, 22.0, 20.69
1724318407, 73, 22.0, 20.63
1724318408, 71, 22.0, 20.63
1724318409, 69, 22.0, 20.63
1724318410, 67, 22.0, 20.62
1724318411, 65, 21.0, 20.62
1724318412, 64, 21.0, 20.62
1724318413, 64, 21.0, 20.73
1724318414, 64, 21.0, 20.73
1724318415, 64, 21.0, 20.73
1724318416, 64, 19.0, 20.73
1724318417, 64, 19.0, 20.56
1724318418, 64, 19.0, 20.56
1724318419, 64, 19.0, 20.56
1724318420, 64, 19.0, 20.65
1724318421, 64, 16.0, 20.65
1724318422, 64, 16.0, 20.65
1724318423, 64, 16.0, 20.67
1724318424, 64, 16.0, 20.67
1724318425, 65, 16.0, 20.77
1724318426, 65, 14.0, 20.77
1724318427, 66, 14.0, 20.8
1724318428, 66, 14.0, 20.8
1724318429, 67, 14.0, 20.8
1724318430, 67, 14.0, 20.78
1724318431, 67, 12.0, 20.78
1724318432, 68, 12.0, 20.78
1724318433, 68, 12.0, 20.9
1724318434, 68, 12.0, 20.9
1724318435, 68, 12.0, 20.9
1724318436, 68, 13.0, 20.79
1724318437, 68, 13.0, 20.79
1724318438, 69, 13.0, 20.79
1724318439, 69, 13.0, 20.79
1724318440, 70, 13.0, 20.79
1724318441, 71, 13.0, 20.56
1724318442, 72, 13.0, 20.56
1724318443, 73, 13.0, 20.56
1724318444, 73, 13.0, 20.65
1724318445, 74, 13.0, 20.65
1724318446, 75, 12.0, 20.72
1724318447, 76, 12.0, 20.72
1724318448, 76, 12.0, 20.78
1724318449, 75, 12.0, 20.78
1724318450, 75, 12.0, 20.78
1724318451, 75, 14.0, 20.85
1724318452, 75, 14.0, 20.85
1724318453, 74, 14.0, 24.0
1724318454, 74, 14.0, 24.0
1724318455, 74, 14.0, 24.0
1724318456, 74, 15.0, 23.82
1724318457, 75, 15.0, 23.82
1724318458, 75, 15.0, 24.01
1724318459, 75, 15.0, 24.01
1724318460, 75, 15.0, 24.01
1724318461, 75, 16.0, 24.15
1724318462, 75, 16.0, 24.15
1724318463, 76, 16.0, 24.03
1724318464, 76, 16.0, 24.03
1724318465, 76, 16.0, 24.03
1724318466, 77, NaN, 24.03
1724318467, 77, NaN, 24.03
1724318468, 77, NaN, 23.96
1724318469, 78, NaN, 23.93
1724318470, 78, NaN, 23.93
1724318471, 78, NaN, 23.93
1724318472, 79, NaN, 23.92
1724318473, 79, NaN, 23.92
1724318474, 79, NaN, 23.92
1724318475, 76, NaN, 23.92
1724318476, 74, 20.0, 23.92
1724318477, 72, 20.0, 23.93
1724318478, 72, 20.0, 23.93
1724318479, 72, 20.0, 24.04
1724318480, 71, 20.0, 24.04
1724318481, 71, NaN, 24.04
1724318482, 70, NaN, 24.04
1724318483, 70, NaN, 23.92
1724318484, 69, NaN, 23.92
1724318485, 68, NaN, 23.88
1724318486, 68, NaN, 23.88
1724318487, 68, NaN, 23.88
1724318488, 68, NaN, 23.83
1724318489, 68, NaN, 23.83
1724318490, 68, NaN, 23.83
1724318491, 68, 24.0, 23.7
1724318492, 68, 24.0, 23.7
1724318493, 68, 24.0, 23.7
1724318494, 68, 24.0, 23.7
1724318495, 68, 24.0, 23.7
1724318496, 69, 22.0, 23.7
1724318497, 69, 22.0, 23.54
1724318498, 70, 22.0, 23.54
1724318499, 70, 22.0, 23.54
1724318500, 69, 22.0, 23.54
1724318501, 69, NaN, 23.54
1724318502, 69, NaN, 23.44
1724318503, 69, NaN, 23.44
1724318504, 69, NaN, 23.44
1724318505, 70, NaN, 23.39
1724318506, 70, NaN, 23.39
1724318507, 70, NaN, 23.39
1724318508, 70, NaN, 23.39
1724318509, 70, NaN, 23.39
1724318510, 71, NaN, 23.39
1724318511, 71, NaN, 23.39
1724318512, 71, NaN, 23.27
1724318513, 71, NaN, 23.27
1724318514, 72, NaN, 23.27
1724318515, 73, NaN, 23.27
1724318516, 73, NaN, 23.16
1724318517, 74, NaN, 23.16
1724318518, 74, NaN, 23.16
1724318519, 75, NaN, 23.16
1724318520, 75, NaN, 22.99
1724318521, 75, NaN, 22.99
1724318522, 76, NaN, 22.99
1724318523, 75, NaN, 22.99
1724318524, 76, NaN, 22.99
1724318525, 76, NaN, 22.99
1724318526, 76, NaN, 22.74
1724318527, 75, NaN, 22.74
1724318528, 74, NaN, 22.74
1724318529, 73, NaN, 22.74
1724318530, 73, NaN, 22.74
1724318531, 73, NaN, 21.93
1724318532, 73, NaN, 21.93
1724318533, 74, NaN, 21.93
1724318534, 74, NaN, 21.93
1724318535, 74, NaN, 21.87
1724318536, 74, NaN, 21.91
1724318537, 74, NaN, 21.91
1724318538, 74, NaN, 21.91
1724318539, 75, NaN, 21.93
1724318540, 74, NaN, 21.93
1724318541, 74, NaN, 21.93
1724318542, 74, NaN, 21.93
1724318543, 72, NaN, 21.86
1724318544, 71, NaN, 21.86
1724318545, 70, NaN, 21.86
1724318546, 70, NaN, 21.86
1724318547, 70, NaN, 21.83
1724318548, 69, NaN, 21.84
1724318549, 70, NaN, 21.84
1724318550, 71, NaN, 21.84
1724318551, 71, NaN, 21.91
1724318552, 71, NaN, 21.91
1724318553, 71, NaN, 21.91
1724318554, 73, NaN, 21.7
1724318555, 75, NaN, 21.7
1724318556, 76, NaN, 21.7
1724318557, 78, NaN, 21.7
1724318558, 79, NaN, 21.7
1724318559, 81, NaN, 21.7
1724318560, 82, NaN, 21.51
1724318561, 82, 32.0, 21.51
1724318562, 81, 32.0, 21.51
1724318563, 82, 32.0, 21.51
1724318564, 83, 32.0, 21.56
1724318565, 85, 32.0, 21.56
1724318566, 85, 38.0, 21.56
1724318567, 86, 38.0, 21.56
1724318568, 86, 38.0, 21.56
1724318569, 86, 38.0, 21.56
1724318570, 87, 38.0, 21.56
1724318571, 87, 47.0, 21.44
1724318572, 88, 47.0, 21.44
1724318573, 88, 47.0, 21.44
1724318574, 88, 47.0, 21.44
1724318575, 88, 47.0, 21.39
1724318576, 87, 45.0, 21.39
1724318577, 84, 45.0, 21.41
1724318578, 82, 45.0, 21.41
1724318579, 81, 45.0, 21.41
1724318580, 80, 45.0, 21.41
1724318581, 79, 45.0, 21.36
1724318582, 79, 45.0, 21.36
1724318583, 79, 45.0, 21.36
1724318584, 79, 45.0, 21.35
1724318585, 78, 45.0, 21.35
1724318586, 75, 42.0, 21.35
1724318587, 73, 42.0, 21.35
1724318588, 71, 42.0, 21.35
1724318589, 69, 42.0, 21.35
1724318590, 66, 42.0, 21.05
1724318591, 64, 43.0, 21.05
1724318592, 63, 43.0, 21.05
1724318593, 64, 43.0, 21.05
1724318594, 64, 43.0, 21.05
1724318595, 64, 43.0, 21.05
1724318596, 64, 31.0, 21.05
1724318597, 64, 31.0, 21.05
1724318598, 64, 31.0, 21.05
1724318599, 64, 31.0, 20.83
1724318600, 63, 31.0, 20.87
1724318601, 63, 22.0, 20.87
1724318602, 63, 22.0, 20.92
1724318603, 63, 22.0, 20.92
1724318604, 63, 22.0, 20.92
1724318605, 63, 22.0, 20.92
1724318606, 64, 18.0, 20.92
1724318607, 65, 18.0, 20.92
1724318608, 66, 18.0, 20.83
1724318609, 66, 18.0, 20.83
1724318610, 68, 18.0, 20.83
1724318611, 68, 15.0, 20.82
1724318612, 68, 15.0, 20.82
1724318613, 68, 15.0, 20.82
1724318614, 68, 15.0, 20.77
1724318615, 68, 15.0, 20.77
1724318616, 68, 14.0, 20.77
1724318617, 67, 14.0, 20.78
1724318618, 67, 14.0, 20.78
1724318619, 66, 14.0, 20.78
1724318620, 66, 14.0, 20.62
1724318621, 66, 12.0, 20.62
1724318622, 65, 12.0, 20.62
1724318623, 65, 12.0, 20.62
1724318624, 65, 12.0, 20.62
1724318625, 66, 12.0, 20.16
1724318626, 67, 13.0, 20.16
1724318627, 67, 13.0, 20.16
1724318628, 67, 13.0, 20.28
1724318629, 67, 13.0, 20.28
1724318630, 67, 13.0, 20.36
1724318631, 67, 15.0, 20.36
1724318632, 67, 15.0, 20.36
1724318633, 67, 15.0, 20.46
1724318634, 67, 15.0, 20.46
1724318635, 67, 15.0, 20.56
1724318636, 67, 17.0, 20.56
1724318637, 68, 17.0, 20.56
1724318638, 71, 17.0, 21.39
1724318639, 75, 17.0, 21.39
1724318640, 76, 17.0, 21.39
1724318641, 77, 18.0, 21.39
1724318642, 78, 18.0, 21.22
1724318643, 78, 18.0, 21.22
1724318644, 78, 18.0, 21.22
1724318645, 78, 18.0, 21.22
1724318646, 78, 19.0, 21.22
1724318647, 77, 19.0, 21.11
1724318648, 77, 19.0, 21.11
1724318649, 76, 19.0, 21.11
1724318650, 76, 19.0, 21.13
1724318651, 75, 20.0, 21.13
1724318652, 75, 20.0, 21.13
1724318653, 75, 20.0, 21.13
1724318654, 76, 20.0, 21.13
1724318655, 76, 20.0, 21.0
1724318656, 76, NaN, 21.0
1724318657, 76, NaN, 21.0
1724318658, 77, NaN, 21.0
1724318659, 77, NaN, 21.0
1724318660, 77, NaN, 20.93
1724318661, 78, NaN, 20.93
1724318662, 78, NaN, 20.81
1724318663, 79, NaN, 20.81
1724318664, 79, NaN, 20.81
1724318665, 80, NaN, 20.78
1724318666, 79, 25.0, 20.78
1724318667, 79, 25.0, 20.78
1724318668, 79, 25.0, 20.78
1724318669, 79, 25.0, 20.58
1724318670, 79, 25.0, 20.58
1724318671, 79, 32.0, 20.74
1724318672, 79, 32.0, 20.74
1724318673, 79, 32.0, 20.74
1724318674, 79, 32.0, 20.7
1724318675, 80, 32.0, 20.7
1724318676, 80, 33.0, 20.7
1724318677, 81, 33.0, 20.7
1724318678, 81, 33.0, 20.44
1724318679, 82, 33.0, 20.44
1724318680, 83, 33.0, 20.58
1724318681, 82, 38.0, 20.58
1724318682, 82, 38.0, 20.58
1724318683, 82, 38.0, 20.76
1724318684, 83, 38.0, 20.76
1724318685, 83, 38.0, 20.97
1724318686, 83, 36.0, 20.97
1724318687, 83, 36.0, 20.97
1724318688, 83, 36.0, 20.97
1724318689, 82, 36.0, 20.87
1724318690, 82, 36.0, 20.87
1724318691, 81, 36.0, 20.9
1724318692, 81, 36.0, 20.9
1724318693, 80, 36.0, 20.9
1724318694, 80, 36.0, 21.12
1724318695, 80, 36.0, 21.12
1724318696, 81, 35.0, 21.12
1724318697, 81, 35.0, 21.06
1724318698, 81, 35.0, 21.06
1724318699, 80, 35.0, 21.06
1724318700, 78, 35.0, 21.06
1724318701, 77, 33.0, 20.88
1724318702, 76, 33.0, 20.88
1724318703, 75, 33.0, 20.88
1724318704, 73, 33.0, 20.88
1724318705, 72, 33.0, 20.91
1724318706, 71, 32.0, 20.91
1724318707, 71, 32.0, 20.82
1724318708, 71, 32.0, 20.82
1724318709, 71, 32.0, 20.82
1724318710, 71, 32.0, 20.84
1724318711, 71, 28.0, 20.84
1724318712, 72, 28.0, 20.84
1724318713, 74, 28.0, 20.71
1724318714, 77, 28.0, 20.71
1724318715, 80, 28.0, 20.71
1724318716, 82, 28.0, 20.84
1724318717, 84, 28.0, 20.84
1724318718, 85, 28.0, 20.96
1724318719, 87, 28.0, 20.96
1724318720, 88, 28.0, 20.96
1724318721, 88, 27.0, 20.96
1724318722, 89, 27.0, 20.76
1724318723, 91, 27.0, 20.76
1724318724, 91, 27.0, 20.76
1724318725, 92, 27.0, 20.76
1724318726, 92, 28.0, 20.76
1724318727, 92, 28.0, 20.69
1724318728, 92, 28.0, 20.69
1724318729, 92, 28.0, 20.51
1724318730, 92, 28.0, 20.51
1724318731, 92, 30.0, 20.51
1724318732, 92, 30.0, 20.51
1724318733, 92, 30.0, 20.51
1724318734, 92, 30.0, 20.3
1724318735, 92, 30.0, 20.3
1724318736, 92, 31.0, 20.3
1724318737, 92, 31.0, 20.3
1724318738, 92, 31.0, 20.3
1724318739, 92, 31.0, 19.88
1724318740, 92, 31.0, 19.88
1724318741, 91, 39.0, 19.88
1724318742, 91, 39.0, 19.88
1724318743, 91, 39.0, 19.88
1724318744, 92, 39.0, 19.88
1724318745, 93, 39.0, 19.88
1724318746, 93, 46.0, 19.88
1724318747, 93, 46.0, 19.88
1724318748, 94, 46.0, 19.88
1724318749, 96, 46.0, 19.88
1724318750, 98, 46.0, 19.88
1724318751, 100, 51.0, 19.54
1724318752, 103, 51.0, 19.54
1724318753, 108, 51.0, 19.54
1724318754, 109, 51.0, 19.54
1724318755, 109, 51.0, 19.54
1724318756, 111, 58.0, 19.54
1724318757, 112, 58.0, 19.54
1724318758, 112, 58.0, 19.54
1724318759, 112, 58.0, 19.54
1724318760, 112, 58.0, 19.54
1724318761, 111, 67.0, 19.02
1724318762, 112, 67.0, 19.02
1724318763, 111, 67.0, 19.02
1724318764, 110, 67.0, 19.02
1724318765, 108, 67.0, 18.67
1724318766, 106, 77.0, 18.67
1724318767, 105, 77.0, 18.74
1724318768, 104, 77.0, 18.74
1724318769, 103, 77.0, 18.74
1724318770, 102, 77.0, 18.74
1724318771, 102, 79.0, 18.74
1724318772, 101, 79.0, 18.74
1724318773, 100, 79.0, 18.68
1724318774, 100, 79.0, 18.68
1724318775, 100, 79.0, 18.68
1724318776, 100, 82.0, 18.66
1724318777, 101, 82.0, 18.66
1724318778, 101, 82.0, 18.66
1724318779, 98, 82.0, 18.73
1724318780, 95, 82.0, 18.73
1724318781, 93, 87.0, 18.73
1724318782, 91, 87.0, 18.69
1724318783, 90, 87.0, 18.69
1724318784, 89, 87.0, 18.69
1724318785, 88, 87.0, 18.83
1724318786, 88, 87.0, 18.83
1724318787, 88, 87.0, 18.95
1724318788, 89, 87.0, 18.95
1724318789, 88, 87.0, 18.95
1724318790, 89, 87.0, 18.95
1724318791, 88, 85.0, 18.85
1724318792, 88, 85.0, 18.85
1724318793, 87, 85.0, 18.85
1724318794, 86, 85.0, 18.85
1724318795, 85, 85.0, 18.82
1724318796, 84, 81.0, 18.82
1724318797, 83, 81.0, 18.82
1724318798, 83, 81.0, 18.88
1724318799, 82, 81.0, 18.88
1724318800, 83, 81.0, 19.05
1724318801, 84, 75.0, 19.05
1724318802, 84, 75.0, 19.05
1724318803, 84, 75.0, 19.05
1724318804, 83, 75.0, 18.86
1724318805, 83, 75.0, 18.86
1724318806, 82, 69.0, 18.86
1724318807, 82, 69.0, 18.84
1724318808, 83, 69.0, 18.84
1724318809, 85, 69.0, 18.84
1724318810, 84, 69.0, 19.06
1724318811, 85, 63.0, 19.06
1724318812, 85, 63.0, 19.06
1724318813, 85, 63.0, 19.12
1724318814, 85, 63.0, 19.12
1724318815, 85, 63.0, 19.12
1724318816, 84, 62.0, 19.08
1724318817, 84, 62.0, 19.08
1724318818, 84, 62.0, 19.08
1724318819, 83, 62.0, 19.08
1724318820, 83, 62.0, 19.08
1724318821, 82, 60.0, 18.85
1724318822, 82, 60.0, 18.85
1724318823, 82, 60.0, 19.0
1724318824, 82, 60.0, 19.0
1724318825, 82, 60.0, 19.0
1724318826, 82, 57.0, 19.0
1724318827, 82, 57.0, 19.05
1724318828, 82, 57.0, 19.05
1724318829, 83, 57.0, 19.05
1724318830, 82, 57.0, 19.05
1724318831, 82, 56.0, 19.05
1724318832, 82, 56.0, 18.89
1724318833, 82, 56.0, 18.89
1724318834, 82, 56.0, 18.89
1724318835, 81, 56.0, 18.89
1724318836, 81, 55.0, 18.78
1724318837, 81, 55.0, 18.78
1724318838, 81, 55.0, 18.78
1724318839, 81, 55.0, 18.78
1724318840, 81, 55.0, 18.7
1724318841, 79, 53.0, 18.7
1724318842, 78, 53.0, 18.7
1724318843, 76, 53.0, 18.7
1724318844, 78, 53.0, 18.56
1724318845, 80, 53.0, 18.56
1724318846, 81, 48.0, 18.7
1724318847, 81, 48.0, 18.7
1724318848, 82, 48.0, 18.7
1724318849, 82, 48.0, 18.81
1724318850, 82, 48.0, 18.81
1724318851, 82, 45.0, 19.01
1724318852, 82, 45.0, 19.01
1724318853, 83, 45.0, 19.01
1724318854, 82, 45.0, 19.01
1724318855, 82, 45.0, 19.01
1724318856, 81, 45.0, 18.88
1724318857, 81, 45.0, 18.88
1724318858, 81, 45.0, 19.13
1724318859, 81, 45.0, 19.13
1724318860, 81, 45.0, 19.13
1724318861, 81, 45.0, 19.13
1724318862, 81, 45.0, 19.03
1724318863, 81, 45.0, 19.03
1724318864, 80, 45.0, 19.03
1724318865, 80, 45.0, 19.03
1724318866, 79, 42.0, 19.11
1724318867, 77, 42.0, 19.11
1724318868, 77, 42.0, 19.11
1724318869, 77, 42.0, 19.11
1724318870, 77, 42.0, 19.11
1724318871, 77, 39.0, 18.95
1724318872, 78, 39.0, 18.95
1724318873, 80, 39.0, 18.95
1724318874, 81, 39.0, 18.94
1724318875, 82, 39.0, 18.94
1724318876, 82, 42.0, 18.94
1724318877, 83, 42.0, 19.02
1724318878, 83, 42.0, 19.02
1724318879, 83, 42.0, 19.12
1724318880, 83, 42.0, 19.12
1724318881, 83, 39.0, 19.12
1724318882, 82, 39.0, 19.12
1724318883, 82, 39.0, 19.07
1724318884, 82, 39.0, 19.07
1724318885, 81, 39.0, 19.31
1724318886, 80, 34.0, 19.31
1724318887, 79, 34.0, 19.31
1724318888, 78, 34.0, 19.31
1724318889, 77, 34.0, 19.18
1724318890, 76, 34.0, 19.18
1724318891, 76, 32.0, 19.18
1724318892, 76, 32.0, 19.18
1724318893, 75, 32.0, 19.18
1724318894, 74, 32.0, 19.18
1724318895, 74, 32.0, 19.0
1724318896, 70, NaN, 19.0
1724318897, 66, NaN, 19.0
1724318898, 63, NaN, 19.0
1724318899, 61, NaN, 18.92
1724318900, 59, NaN, 18.92
1724318901, 59, NaN, 18.99
1724318902, 59, NaN, 18.99
1724318903, 59, NaN, 18.99
1724318904, 60, NaN, 18.99
1724318905, 60, NaN, 18.99
1724318906, 61, 20.0, 18.99
1724318907, 61, 20.0, 18.76
1724318908, 61, 20.0, 18.76
1724318909, 61, 20.0, 18.76
1724318910, 62, 20.0, 18.85
1724318911, 62, 13.0, 18.85
1724318912, 63, 13.0, 18.95
1724318913, 65, 13.0, 18.95
1724318914, 66, 13.0, 18.95
1724318915, 67, 13.0, 19.05
1724318916, 68, 10.0, 19.05
1724318917, 69, 10.0, 19.14
1724318918, 70, 10.0, 19.14
1724318919, 71, 10.0, 19.14
1724318920, 72, 10.0, 19.14
1724318921, 72, NaN, 18.99
1724318922, 72, NaN, 18.99
1724318923, 73, NaN, 18.99
1724318924, 74, NaN, 18.99
1724318925, 75, NaN, 18.99
1724318926, 76, NaN, 18.88
1724318927, 80, NaN, 18.98
1724318928, 79, NaN, 18.98
1724318929, 72, NaN, 18.98
1724318930, 68, NaN, 19.15
1724318931, 66, NaN, 19.15
1724318932, 66, NaN, 19.15
1724318933, 65, NaN, 19.38
1724318934, 65, NaN, 19.38
1724318935, 65, NaN, 19.63
1724318936, 65, 7.0, 19.63
1724318937, 64, 7.0, 20.24
1724318938, 64, 7.0, 20.24
1724318939, 65, 7.0, 20.24
1724318940, 65, 7.0, 20.39
1724318941, 67, 10.0, 20.39
1724318942, 67, 10.0, 20.66
1724318943, 68, 10.0, 20.66
1724318944, 68, 10.0, 20.66
1724318945, 69, 10.0, 20.92
1724318946, 71, 10.0, 20.92
1724318947, 72, 10.0, 21.19
1724318948, 71, 10.0, 21.19
1724318949, 71, 10.0, 21.19
1724318950, 72, 10.0, 22.42
1724318951, 72, 10.0, 22.42
1724318952, 72, 10.0, 22.42
1724318953, 71, 10.0, 22.42
1724318954, 71, 10.0, 22.42
1724318955, 70, 10.0, 22.3
1724318956, 71, 10.0, 22.3
1724318957, 72, 10.0, 22.33
1724318958, 73, 10.0, 22.33
1724318959, 73, 10.0, 22.33
1724318960, 73, 10.0, 22.33
1724318961, 74, NaN, 22.33
1724318962, 73, NaN, 22.33
1724318963, 73, NaN, 22.33
1724318964, 73, NaN, 22.33
1724318965, 73, NaN, 22.33
1724318966, 73, NaN, 22.33
1724318967, 74, NaN, 22.33
1724318968, 74, NaN, 22.33
1724318969, 75, NaN, 22.33
1724318970, 76, NaN, 22.33
1724318971, 77, NaN, 22.25
1724318972, 78, NaN, 22.25
1724318973, 79, NaN, 22.25
1724318974, 80, NaN, 22.25
1724318975, 80, NaN, 22.24
1724318976, 80, 15.0, 22.24
1724318977, 80, 15.0, 22.24
1724318978, 80, 15.0, 22.24
1724318979, 80, 15.0, 22.24
1724318980, 80, 15.0, 22.24
1724318981, 80, 23.0, 22.24
1724318982, 80, 23.0, 22.24
1724318983, 80, 23.0, 22.16
1724318984, 80, 23.0, 22.16
1724318985, 80, 23.0, 22.16
1724318986, 80, 36.0, 22.15
1724318987, 80, 36.0, 22.15
1724318988, 80, 36.0, 22.21
1724318989, 79, 36.0, 22.21
1724318990, 79, 36.0, 22.21
1724318991, 79, 34.0, 22.21
1724318992, 76, 34.0, 22.13
1724318993, 73, 34.0, 22.13
1724318994, 64, 34.0, 22.13
1724318995, 63, 34.0, 22.1
1724318996, 68, 33.0, 22.1
1724318997, 72, 33.0, 22.1
1724318998, 77, 33.0, 22.1
1724318999, 83, 33.0, 21.89
1724319000, 89, 33.0, 21.89
1724319001, 90, 31.0, 21.89
1724319002, 88, 31.0, 21.89
1724319003, 88, 31.0, 21.7
1724319004, 87, 31.0, 21.7
1724319005, 86, 31.0, 21.7
1724319006, 86, 30.0, 21.7
1724319007, 87, 30.0, 21.16
1724319008, 88, 30.0, 21.16
1724319009, 89, 30.0, 21.16
1724319010, 89, 30.0, 21.16
1724319011, 90, 30.0, 20.82
1724319012, 91, 30.0, 20.82
1724319013, 92, 30.0, 20.82
1724319014, 93, 30.0, 20.82
1724319015, 94, 30.0, 19.22
1724319016, 95, 30.0, 19.22
1724319017, 95, 30.0, 19.22
1724319018, 95, 30.0, 19.27
1724319019, 95, 30.0, 19.27
1724319020, 95, 30.0, 19.27
1724319021, 94, 30.0, 19.27
1724319022, 94, 30.0, 19.27
1724319023, 95, 30.0, 19.27
1724319024, 95, 30.0, 19.27
1724319025, 94, 30.0, 19.27
1724319026, 94, 39.0, 18.98
1724319027, 93, 39.0, 18.98
1724319028, 93, 39.0, 18.98
1724319029, 92, 39.0, 18.98
1724319030, 91, 39.0, 18.98
1724319031, 91, 48.0, 18.98
1724319032, 90, 48.0, 18.79
1724319033, 90, 48.0, 18.79
1724319034, 88, 48.0, 18.79
1724319035, 88, 48.0, 18.79
1724319036, 87, 55.0, 18.78
1724319037, 87, 55.0, 18.78
1724319038, 86, 55.0, 18.78
1724319039, 85, 55.0, 18.78
1724319040, 84, 55.0, 18.7
1724319041, 82, 60.0, 18.7
1724319042, 80, 60.0, 18.77
1724319043, 78, 60.0, 18.77
1724319044, 77, 60.0, 18.82
1724319045, 76, 60.0, 18.82
1724319046, 77, 66.0, 18.82
1724319047, 78, 66.0, 18.86
1724319048, 78, 66.0, 18.86
1724319049, 78, 66.0, 18.86
1724319050, 79, 66.0, 18.96
1724319051, 79, NaN, 18.96
1724319052, 79, NaN, 18.96
1724319053, 80, NaN, 18.9
1724319054, 81, NaN, 18.9
1724319055, 81, NaN, 18.9
1724319056, 82, 65.0, 19.07
1724319057, 82, 65.0, 19.07
1724319058, 81, 65.0, 19.07
1724319059, 81, 65.0, 19.07
1724319060, 82, 65.0, 19.07
1724319061, 82, 62.0, 18.91
1724319062, 83, 62.0, 18.91
1724319063, 84, 62.0, 18.91
1724319064, 84, 62.0, 18.91
1724319065, 86, 62.0, 18.88
1724319066, 85, 57.0, 18.88
1724319067, 85, 57.0, 18.98
1724319068, 85, 57.0, 18.98
1724319069, 84, 57.0, 18.98
1724319070, 84, 57.0, 18.98
1724319071, 83, 56.0, 18.98
1724319072, 82, 56.0, 18.84
1724319073, 78, 56.0, 18.84
1724319074, 78, 56.0, 18.84
1724319075, 77, 56.0, 18.84
1724319076, 76, 49.0, 18.72
1724319077, 77, 49.0, 18.72
1724319078, 77, 49.0, 18.84
1724319079, 77, 49.0, 18.84
1724319080, 76, 49.0, 18.84
1724319081, 75, 45.0, 18.89
1724319082, 74, 45.0, 18.89
1724319083, 73, 45.0, 19.02
1724319084, 73, 45.0, 19.02
1724319085, 74, 45.0, 19.02
1724319086, 74, 43.0, 19.05
1724319087, 75, 43.0, 19.05
1724319088, 76, 43.0, 19.05
1724319089, 77, 43.0, 19.05
1724319090, 77, 43.0, 18.96
1724319091, 77, 37.0, 18.96
1724319092, 79, 37.0, 18.96
1724319093, 80, 37.0, 18.96
1724319094, 81, 37.0, 18.89
1724319095, 82, 37.0, 18.89
1724319096, 84, 30.0, 18.89
1724319097, 85, 30.0, 18.89
1724319098, 85, 30.0, 18.78
1724319099, 86, 30.0, 18.78
1724319100, 86, 30.0, 18.96
1724319101, 86, 24.0, 18.96
1724319102, 86, 24.0, 18.96
1724319103, 86, 24.0, 18.96
1724319104, 86, 24.0, 18.96
1724319105, 86, 24.0, 18.67
1724319106, 85, 24.0, 18.67
1724319107, 85, 24.0, 18.83
1724319108, 85, 24.0, 18.83
1724319109, 84, 24.0, 18.83
1724319110, 84, 24.0, 18.83
1724319111, 84, 25.0, 18.79
1724319112, 84, 25.0, 18.79
1724319113, 83, 25.0, 18.79
1724319114, 83, 25.0, 18.79
1724319115, 83, 25.0, 18.71
1724319116, 83, 27.0, 18.71
1724319117, 83, 27.0, 18.78
1724319118, 83, 27.0, 18.78
1724319119, 84, 27.0, 18.78
1724319120, 86, 27.0, 18.78
1724319121, 86, 31.0, 18.78
1724319122, 86, 31.0, 18.78
1724319123, 86, 31.0, 18.78
1724319124, 86, 31.0, 18.78
1724319125, 86, 31.0, 18.6
1724319126, 86, 40.0, 18.6
1724319127, 87, 40.0, 18.74
1724319128, 90, 40.0, 18.74
1724319129, 90, 40.0, 18.74
1724319130, 90, 40.0, 18.79
1724319131, 89, 49.0, 18.79
1724319132, 89, 49.0, 18.79
1724319133, 88, 49.0, 18.94
1724319134, 86, 49.0, 18.94
1724319135, 85, 49.0, 19.14
1724319136, 85, 57.0, 19.14
1724319137, 84, 57.0, 19.14
1724319138, 84, 57.0, 19.19
1724319139, 83, 57.0, 19.19
1724319140, 83, 57.0, 19.19
1724319141, 82, 61.0, 19.63
1724319142, 82, 61.0, 19.63
1724319143, 81, 61.0, 20.08
1724319144, 80, 61.0, 20.08
1724319145, 79, 61.0, 20.08
1724319146, 79, 60.0, 20.51
1724319147, 79, 60.0, 20.51
1724319148, 79, 60.0, 20.89
1724319149, 79, 60.0, 20.89
1724319150, 79, 60.0, 20.89
1724319151, 80, 57.0, 22.53
1724319152, 80, 57.0, 22.53
1724319153, 80, 57.0, 23.19
1724319154, 79, 57.0, 23.19
1724319155, 79, 57.0, 23.19
1724319156, 79, 51.0, 23.85
1724319157, 79, 51.0, 23.85
1724319158, 80, 51.0, 23.89
1724319159, 81, 51.0, 23.89
1724319160, 80, 51.0, 23.89
1724319161, 81, 46.0, 23.81
1724319162, 81, 46.0, 23.81
1724319163, 81, 46.0, 23.81
1724319164, 80, 46.0, 23.73
1724319165, 81, 46.0, 23.73
1724319166, 80, 41.0, 23.73
1724319167, 80, 41.0, 23.67
1724319168, 81, 41.0, 23.67
1724319169, 82, 41.0, 23.67
1724319170, 83, 41.0, 23.7
1724319171, 81, 36.0, 23.7
1724319172, 81, 36.0, 23.73
1724319173, 81, 36.0, 23.73
1724319174, 81, 36.0, 23.73
1724319175, 81, 36.0, 23.73
1724319176, 81, 37.0, 23.73
1724319177, 80, 37.0, 23.68
1724319178, 80, 37.0, 23.68
1724319179, 79, 37.0, 23.68
1724319180, 79, 37.0, 23.68
1724319181, 79, 38.0, 23.64
1724319182, 79, 38.0, 23.64
1724319183, 78, 38.0, 23.64
1724319184, 78, 38.0, 23.64
1724319185, 78, 38.0, 23.61
1724319186, 78, 38.0, 23.61
1724319187, 77, 38.0, 23.61
1724319188, 77, 38.0, 23.61
1724319189, 75, 38.0, 23.61
1724319190, 73, 38.0, 23.61
1724319191, 73, 37.0, 23.61
1724319192, 74, 37.0, 23.61
1724319193, 75, 37.0, 23.61
1724319194, 76, 37.0, 23.61
1724319195, 77, 37.0, 23.61
1724319196, 78, NaN, 23.61
1724319197, 79, NaN, 23.54
1724319198, 80, NaN, 23.44
1724319199, 80, NaN, 23.44
1724319200, 81, NaN, 23.44
1724319201, 82, 36.0, 23.44
1724319202, 83, 36.0, 23.44
1724319203, 83, 36.0, 23.44
1724319204, 84, 36.0, 23.44
1724319205, 84, 36.0, 23.44
1724319206, 83, 38.0, 23.44
1724319207, 83, 38.0, 23.44
1724319208, 83, 38.0, 23.44
1724319209, 82, 38.0, 23.44
1724319210, 80, 38.0, 23.44
1724319211, 79, 41.0, 23.24
1724319212, 78, 41.0, 23.24
1724319213, 78, 41.0, 23.24
1724319214, 78, 41.0, 23.24
1724319215, 78, 41.0, 23.24
1724319216, 78, 44.0, 23.2
1724319217, 77, 44.0, 23.18
1724319218, 77, 44.0, 23.18
1724319219, 77, 44.0, 23.18
1724319220, 77, 44.0, 23.18
1724319221, 77, 45.0, 23.18
1724319222, 77, 45.0, 23.07
1724319223, 77, 45.0, 23.07
1724319224, 79, 45.0, 23.07
1724319225, 79, 45.0, 23.06
1724319226, 80, 44.0, 23.06
1724319227, 80, 44.0, 23.06
1724319228, 81, 44.0, 23.06
1724319229, 81, 44.0, 23.06
1724319230, 82, 44.0, 23.06
1724319231, 82, 45.0, 23.06
1724319232, 82, 45.0, 22.84
1724319233, 79, 45.0, 22.84
1724319234, 76, 45.0, 22.84
1724319235, 76, 45.0, 22.88
1724319236, 93, 42.0, 22.88
1724319237, 99, 42.0, 22.89
1724319238, 100, 42.0, 22.89
1724319239, 101, 42.0, 22.89
1724319240, 101, 42.0, 22.89
1724319241, 101, NaN, 22.82
1724319242, 99, NaN, 22.82
1724319243, 97, NaN, 22.83
1724319244, 95, NaN, 22.83
1724319245, 94, NaN, 22.83
1724319246, 93, 45.0, 22.83
1724319247, 91, 45.0, 22.72
1724319248, 89, 45.0, 22.72
1724319249, 88, 45.0, 22.72
1724319250, 86, 45.0, 22.74
1724319251, 85, 52.0, 22.74
1724319252, 85, 52.0, 22.74
1724319253, 85, 52.0, 22.59
1724319254, 85, 52.0, 22.59
1724319255, 84, 52.0, 22.59
1724319256, 84, 59.0, 22.59
1724319257, 83, 59.0, 22.59
1724319258, 82, 59.0, 22.59
1724319259, 82, 59.0, 22.37
1724319260, 81, 59.0, 22.37
1724319261, 81, 63.0, 22.45
1724319262, 81, 63.0, 22.45
1724319263, 81, 63.0, 22.45
1724319264, 81, 63.0, 22.45
1724319265, 81, 63.0, 22.37
1724319266, 82, 65.0, 22.37
1724319267, 82, 65.0, 22.37
1724319268, 82, 65.0, 22.37
1724319269, 81, 65.0, 22.34
1724319270, 80, 65.0, 22.34
1724319271, 80, 63.0, 22.3
1724319272, 80, 63.0, 22.3
1724319273, 80, 63.0, 22.3
1724319274, 80, 63.0, 22.38
1724319275, 80, 63.0, 22.38
1724319276, 80, 57.0, 22.38
1724319277, 79, 57.0, 22.38
1724319278, 78, 57.0, 22.17
1724319279, 76, 57.0, 22.17
1724319280, 74, 57.0, 22.17
1724319281, 75, 51.0, 22.29
1724319282, 75, 51.0, 22.29
1724319283, 74, 51.0, 22.29
1724319284, 73, 51.0, 22.19
1724319285, 72, 51.0, 22.19
1724319286, 70, NaN, 22.21
1724319287, 69, NaN, 22.21
1724319288, 68, NaN, 22.21
1724319289, 68, NaN, 22.21
1724319290, 67, NaN, 22.21
1724319291, 67, NaN, 22.08
1724319292, 67, NaN, 22.08
1724319293, 66, NaN, 22.08
1724319294, 65, NaN, 22.08
1724319295, 65, NaN, 22.08
1724319296, 65, 32.0, 22.08
1724319297, 65, 32.0, 22.08
1724319298, 65, 32.0, 22.08
1724319299, 65, 32.0, 21.94
1724319300, 66, 32.0, 21.94
1724319301, 66, 22.0, 22.01
1724319302, 66, 22.0, 22.01
1724319303, 66, 22.0, 22.01
1724319304, 67, 22.0, 22.01
1724319305, 67, 22.0, 22.01
1724319306, 67, 18.0, 21.91
1724319307, 68, 18.0, 21.91
1724319308, 68, 18.0, 21.91
1724319309, 68, 18.0, 21.91
1724319310, 70, 18.0, 21.91
1724319311, 71, 15.0, 21.91
1724319312, 73, 15.0, 21.76
1724319313, 74, 15.0, 21.76
1724319314, 76, 15.0, 21.76
1724319315, 77, 15.0, 21.76
1724319316, 78, NaN, 21.76
1724319317, 78, NaN, 21.64
1724319318, 78, NaN, 21.64
1724319319, 77, NaN, 21.7
1724319320, 78, NaN, 21.7
1724319321, 79, 17.0, 21.7
1724319322, 80, 17.0, 21.7
1724319323, 81, 17.0, 21.7
1724319324, 82, 17.0, 21.57
1724319325, 84, 17.0, 21.57
1724319326, 85, 21.0, 21.57
1724319327, 85, 21.0, 21.57
1724319328, 86, 21.0, 21.57
1724319329, 87, 21.0, 21.57
1724319330, 87, 21.0, 21.57
1724319331, 88, 30.0, 21.57
1724319332, 89, 30.0, 21.39
1724319333, 89, 30.0, 21.39
1724319334, 89, 30.0, 21.4
1724319335, 89, 30.0, 21.4
1724319336, 89, 45.0, 21.4
1724319337, 88, 45.0, 21.4
1724319338, 88, 45.0, 21.37
1724319339, 88, 45.0, 21.37
1724319340, 88, 45.0, 21.37
1724319341, 88, 57.0, 21.47
1724319342, 89, 57.0, 21.47
1724319343, 89, 57.0, 21.47
1724319344, 89, 57.0, 21.47
1724319345, 89, 57.0, 21.47
1724319346, 89, 60.0, 21.47
1724319347, 89, 60.0, 21.47
1724319348, 88, 60.0, 21.47
1724319349, 88, 60.0, 21.25
1724319350, 88, 60.0, 21.25
1724319351, 88, 66.0, 21.33
1724319352, 87, 66.0, 21.33
1724319353, 87, 66.0, 21.33
1724319354, 87, 66.0, 21.31
1724319355, 86, 66.0, 21.31
1724319356, 84, 66.0, 21.31
1724319357, 81, 66.0, 21.42
1724319358, 80, 66.0, 21.48
1724319359, 80, 66.0, 21.48
1724319360, 79, 66.0, 21.48
1724319361, 79, 66.0, 21.48
1724319362, 79, 66.0, 21.31
1724319363, 80, 66.0, 21.31
1724319364, 80, 66.0, 21.53
1724319365, 80, 66.0, 21.53
1724319366, 79, 64.0, 21.53
1724319367, 79, 64.0, 21.53
1724319368, 79, 64.0, 21.34
1724319369, 80, 64.0, 21.34
1724319370, 80, 64.0, 21.34
1724319371, 81, 59.0, 21.15
1724319372, 81, 59.0, 21.15
1724319373, 82, 59.0, 21.15
1724319374, 82, 59.0, 21.14
1724319375, 82, 59.0, 21.14
1724319376, 83, 57.0, 21.14
1724319377, 83, 57.0, 21.28
1724319378, 82, 57.0, 21.28
1724319379, 82, 57.0, 21.28
1724319380, 82, 57.0, 21.06
1724319381, 81, 51.0, 21.06
1724319382, 82, 51.0, 21.06
1724319383, 83, 51.0, 21.05
1724319384, 84, 51.0, 21.05
1724319385, 85, 51.0, 21.29
1724319386, 87, 45.0, 21.29
1724319387, 89, 45.0, 21.29
1724319388, 91, 45.0, 21.29
1724319389, 91, 45.0, 21.05
1724319390, 91, 45.0, 21.05
1724319391, 90, 43.0, 21.05
1724319392, 89, 43.0, 21.18
1724319393, 88, 43.0, 21.18
1724319394, 88, 43.0, 21.18
1724319395, 88, 43.0, 21.32
1724319396, 87, 47.0, 21.32
1724319397, 83, 47.0, 21.32
1724319398, 76, 47.0, 21.17
1724319399, 73, 47.0, 21.17
1724319400, 72, 47.0, 21.25
1724319401, 72, NaN, 21.25
1724319402, 73, NaN, 21.25
1724319403, 73, NaN, 21.43
1724319404, 73, NaN, 21.43
1724319405, 72, NaN, 21.59
1724319406, 72, NaN, 21.59
1724319407, 72, NaN, 21.59
1724319408, 73, NaN, 21.77
1724319409, 73, NaN, 21.77
1724319410, 74, NaN, 21.77
1724319411, 74, NaN, 21.77
1724319412, 74, NaN, 21.77
1724319413, 74, NaN, 21.57
1724319414, 74, NaN, 21.57
1724319415, 74, NaN, 21.57
1724319416, 74, NaN, 21.51
1724319417, 74, NaN, 21.51
1724319418, 75, NaN, 21.51
1724319419, 74, NaN, 21.53
1724319420, 74, NaN, 21.53
1724319421, 72, NaN, 21.53
1724319422, 67, NaN, 21.41
1724319423, 64, NaN, 21.41
1724319424, 63, NaN, 21.41
1724319425, 60, NaN, 21.46
1724319426, 57, 1.0, 21.46
1724319427, 57, 1.0, 21.61
1724319428, 55, 1.0, 21.61
1724319429, 55, 1.0, 21.61
1724319430, 55, 1.0, 21.78
1724319431, 55, NaN, 21.78
1724319432, 56, NaN, 21.87
1724319433, 56, NaN, 21.87
1724319434, 56, NaN, 21.87
1724319435, 56, NaN, 21.87
1724319436, 57, NaN, 21.59
1724319437, 57, NaN, 21.59
1724319438, 57, NaN, 21.64
1724319439, 57, NaN, 21.64
1724319440, 57, NaN, 21.64
1724319441, 57, NaN, 21.76
1724319442, 58, NaN, 21.76
1724319443, 58, NaN, 21.76
1724319444, 58, NaN, 21.76
1724319445, 58, NaN, 21.53
1724319446, 59, NaN, 21.53
1724319447, 59, NaN, 21.53
1724319448, 60, NaN, 21.53
1724319449, 61, NaN, 21.29
1724319450, 61, NaN, 21.29
1724319451, 61, NaN, 21.29
1724319452, 62, NaN, 21.29
1724319453, 62, NaN, 21.11
1724319454, 62, NaN, 21.11
1724319455, 63, NaN, 21.14
1724319456, 63, 1.0, 21.14
1724319457, 65, 1.0, 21.14
1724319458, 67, 1.0, 21.22
1724319459, 68, 1.0, 21.22
1724319460, 69, 1.0, 21.22
1724319461, 70, 2.0, 21.27
1724319462, 71, 2.0, 21.27
1724319463, 72, 2.0, 21.31
1724319464, 72, 2.0, 21.31
1724319465, 72, 2.0, 21.31
1724319466, 72, 5.0, 21.31
1724319467, 72, 5.0, 21.05
1724319468, 74, 5.0, 21.05
1724319469, 77, 5.0, 21.17
1724319470, 80, 5.0, 21.17
1724319471, 82, 8.0, 21.17
1724319472, 83, 8.0, 21.29
1724319473, 83, 8.0, 21.29
1724319474, 79, 8.0, 21.29
1724319475, 76, 8.0, 21.29
1724319476, 74, 13.0, 21.11
1724319477, 72, 13.0, 21.11
1724319478, 72, 13.0, 21.11
1724319479, 71, 13.0, 21.02
1724319480, 70, 13.0, 21.02
1724319481, 70, 15.0, 21.06
1724319482, 69, 15.0, 21.06
1724319483, 69, 15.0, 21.06
1724319484, 69, 15.0, 21.21
1724319485, 69, 15.0, 21.21
1724319486, 69, 17.0, 21.33
1724319487, 70, 17.0, 21.33
1724319488, 72, 17.0, 21.33
1724319489, 73, 17.0, 21.53
1724319490, 74, 17.0, 21.53
1724319491, 74, 18.0, 22.17
1724319492, 75, 18.0, 22.17
1724319493, 75, 18.0, 22.17
1724319494, 74, 18.0, 22.17
1724319495, 76, 18.0, 22.17
1724319496, 77, 17.0, 22.17
1724319497, 76, 17.0, 22.05
1724319498, 76, 17.0, 22.05
1724319499, 75, 17.0, 22.05
1724319500, 75, 17.0, 22.0
1724319501, 75, 16.0, 22.0
1724319502, 75, 16.0, 22.0
1724319503, 74, 16.0, 22.0
1724319504, 74, 16.0, 21.92
1724319505, 74, 16.0, 21.92
1724319506, 73, 14.0, 21.92
1724319507, 73, 14.0, 21.92
1724319508, 73, 14.0, 21.92
1724319509, 73, 14.0, 21.92
1724319510, 72, 14.0, 21.92
1724319511, 72, NaN, 21.92
1724319512, 72, NaN, 21.92
1724319513, 72, NaN, 21.76
1724319514, 72, NaN, 21.76
1724319515, 72, NaN, 21.76
1724319516, 72, 16.0, 21.76
1724319517, 72, 16.0, 21.76
1724319518, 72, 16.0, 21.76
1724319519, 72, 16.0, 21.76
1724319520, 73, 16.0, 21.47
1724319521, 74, 17.0, 21.47
1724319522, 75, 17.0, 21.47
1724319523, 74, 17.0, 21.47
1724319524, 74, 17.0, 21.47
1724319525, 73, 17.0, 21.47
1724319526, 73, 18.0, 21.25
1724319527, 72, 18.0, 21.25
1724319528, 72, 18.0, 21.25
1724319529, 71, 18.0, 21.25
1724319530, 72, 18.0, 21.25
1724319531, 72, 19.0, 21.25
1724319532, 73, 19.0, 21.25
1724319533, 72, 19.0, 21.25
1724319534, 72, 19.0, 21.25
1724319535, 73, 19.0, 21.25
1724319536, 73, 20.0, 21.25
1724319537, 73, 20.0, 21.25
1724319538, 73, 20.0, 21.25
1724319539, 73, 20.0, 20.72
1724319540, 73, 20.0, 20.72
1724319541, 73, NaN, 20.72
1724319542, 72, NaN, 20.72
1724319543, 72, NaN, 20.72
1724319544, 72, NaN, 20.72
1724319545, 72, NaN, 20.72
1724319546, 71, NaN, 20.72
1724319547, 74, NaN, 20.72
1724319548, 79, NaN, 18.69
1724319549, 80, NaN, 18.69
1724319550, 81, NaN, 18.69
1724319551, 80, 22.0, 18.7
1724319552, 79, 22.0, 18.7
1724319553, 78, 22.0, 18.73
1724319554, 76, 22.0, 18.73
1724319555, 74, 22.0, 18.73
1724319556, 70, NaN, 18.73
1724319557, 65, NaN, 18.73
1724319558, 64, NaN, 18.73
1724319559, 64, NaN, 18.69
1724319560, 64, NaN, 18.69
1724319561, 64, 19.0, 18.71
1724319562, 63, 19.0, 18.71
1724319563, 63, 19.0, 18.71
1724319564, 63, 19.0, 18.57
1724319565, 63, 19.0, 18.57
1724319566, 63, 18.0, 18.57
1724319567, 64, 18.0, 18.57
1724319568, 64, 18.0, 18.49
1724319569, 65, 18.0, 18.49
1724319570, 66, 18.0, 18.49
1724319571, 67, 16.0, 18.49
1724319572, 69, 16.0, 18.28
1724319573, 71, 16.0, 18.28
1724319574, 73, 16.0, 18.28
1724319575, 74, 16.0, 18.28
1724319576, 76, 16.0, 18.28
1724319577, 76, 16.0, 17.92
1724319578, 76, 16.0, 17.92
1724319579, 76, 16.0, 17.92
1724319580, 77, 16.0, 17.92
1724319581, 77, 15.0, 17.46
1724319582, 77, 15.0, 17.46
1724319583, 77, 15.0, 17.46
1724319584, 77, 15.0, 17.46
1724319585, 77, 15.0, 17.5
1724319586, 77, 17.0, 17.5
1724319587, 77, 17.0, 17.66
1724319588, 77, 17.0, 17.66
1724319589, 78, 17.0, 17.66
1724319590, 78, 17.0, 17.68
1724319591, 78, 20.0, 17.68
1724319592, 78, 20.0, 17.68
1724319593, 78, 20.0, 17.68
1724319594, 78, 20.0, 17.68
1724319595, 78, 20.0, 17.68
1724319596, 78, 22.0, 17.49
1724319597, 78, 22.0, 17.49
1724319598, 78, 22.0, 17.49
1724319599, 78, 22.0, 17.6
1724319600, 78, 22.0, 17.6
1724319601, 78, 25.0, 17.6
1724319602, 78, 25.0, 17.6
1724319603, 77, 25.0, 17.57
1724319604, 76, 25.0, 17.57
1724319605, 75, 25.0, 17.65
1724319606, 74, 30.0, 17.65
1724319607, 73, 30.0, 17.65
1724319608, 73, 30.0, 17.67
1724319609, 72, 30.0, 17.67
1724319610, 71, 30.0, 17.67
1724319611, 71, NaN, 17.8
1724319612, 69, NaN, 17.8
1724319613, 68, NaN, 17.8
1724319614, 68, NaN, 17.8
1724319615, 68, NaN, 17.73
1724319616, 68, 27.0, 17.73
1724319617, 68, 27.0, 17.98
1724319618, 68, 27.0, 17.98
1724319619, 69, 27.0, 17.98
1724319620, 69, 27.0, 17.98
1724319621, 67, 24.0, 17.98
1724319622, 62, 24.0, 17.98
1724319623, 59, 24.0, 17.93
1724319624, 57, 24.0, 17.93
1724319625, 55, 24.0, 17.81
1724319626, 55, 19.0, 17.81
1724319627, 55, 19.0, 18.04
1724319628, 54, 19.0, 18.04
1724319629, 54, 19.0, 18.04
1724319630, 54, 19.0, 18.29
1724319631, 54, 13.0, 18.29
1724319632, 54, 13.0, 18.29
1724319633, 54, 13.0, 18.34
1724319634, 54, 13.0, 18.34
1724319635, 54, 13.0, 18.34
1724319636, 54, 8.0, 18.33
1724319637, 55, 8.0, 18.33
1724319638, 56, 8.0, 18.33
1724319639, 58, 8.0, 18.36
1724319640, 61, 8.0, 18.36
1724319641, 62, 7.0, 18.36
1724319642, 62, 7.0, 18.62
1724319643, 62, 7.0, 18.62
1724319644, 62, 7.0, 18.62
1724319645, 62, 7.0, 18.62
1724319646, 62, 4.0, 18.62
1724319647, 62, 4.0, 18.52
1724319648, 62, 4.0, 18.66
1724319649, 62, 4.0, 18.66
1724319650, 62, 4.0, 18.66
1724319651, 62, 1.0, 18.84
1724319652, 62, 1.0, 18.84
1724319653, 62, 1.0, 19.04
1724319654, 62, 1.0, 19.04
1724319655, 62, 1.0, 19.04
1724319656, 62, 1.0, 19.04
1724319657, 62, 1.0, 18.94
1724319658, 62, 1.0, 18.94
1724319659, 61, 1.0, 18.94
1724319660, 61, 1.0, 19.05
1724319661, 61, 2.0, 19.05
1724319662, 61, 2.0, 19.05
1724319663, 61, 2.0, 19.18
1724319664, 62, 2.0, 19.18
1724319665, 62, 2.0, 19.3
1724319666, 63, 2.0, 19.3
1724319667, 62, 2.0, 19.41
1724319668, 62, 2.0, 19.41
1724319669, 61, 2.0, 19.41
1724319670, 61, 2.0, 19.41
1724319671, 60, 3.0, 19.3
1724319672, 60, 3.0, 19.3
1724319673, 60, 3.0, 19.3
1724319674, 60, 3.0, 19.3
1724319675, 60, 3.0, 19.3
1724319676, 60, 3.0, 19.3
1724319677, 61, 3.0, 19.2
1724319678, 61, 3.0, 19.2
1724319679, 60, 3.0, 19.2
1724319680, 60, 3.0, 19.15
1724319681, 60, 2.0, 19.15
1724319682, 60, 2.0, 19.15
1724319683, 60, 2.0, 19.15
1724319684, 59, 2.0, 19.15
1724319685, 59, 2.0, 19.15
1724319686, 60, 2.0, 19.15
1724319687, 59, 2.0, 19.15
1724319688, 59, 2.0, 19.15
1724319689, 59, 2.0, 19.15
1724319690, 59, 2.0, 19.15
1724319691, 58, 2.0, 18.99
1724319692, 58, 2.0, 18.99
1724319693, 59, 2.0, 18.99
1724319694, 59, 2.0, 18.99
1724319695, 60, 2.0, 18.99
1724319696, 60, 2.0, 18.99
1724319697, 60, 2.0, 18.99
1724319698, 60, 2.0, 18.63
1724319699, 60, 2.0, 18.63
1724319700, 60, 2.0, 18.63
1724319701, 61, 1.0, 18.65
1724319702, 61, 1.0, 18.65
1724319703, 61, 1.0, 18.65
1724319704, 61, 1.0, 18.65
1724319705, 61, 1.0, 18.64
1724319706, 61, 1.0, 18.64
1724319707, 62, 1.0, 18.64
1724319708, 62, 1.0, 18.64
1724319709, 63, 1.0, 18.64
1724319710, 63, 1.0, 18.52
1724319711, 63, 3.0, 18.52
1724319712, 62, 3.0, 18.6
1724319713, 60, 3.0, 18.6
1724319714, 59, 3.0, 18.6
1724319715, 57, 3.0, 18.6
1724319716, 56, 5.0, 18.57
1724319717, 54, 5.0, 18.57
1724319718, 54, 5.0, 18.57
1724319719, 54, 5.0, 18.58
1724319720, 54, 5.0, 18.58
1724319721, 55, 5.0, 18.58
1724319722, 55, 5.0, 18.58
1724319723, 55, 5.0, 18.51
1724319724, 55, 5.0, 18.51
1724319725, 56, 5.0, 18.71
1724319726, 57, 5.0, 18.71
1724319727, 59, 5.0, 18.71
1724319728, 61, 5.0, 18.71
1724319729, 62, 5.0, 18.71
1724319730, 63, 5.0, 18.71
1724319731, 65, 5.0, 18.71
1724319732, 66, 5.0, 18.71
1724319733, 66, 5.0, 18.71
1724319734, 67, 5.0, 18.71
1724319735, 67, 5.0, 18.71
1724319736, 67, 7.0, 18.71
1724319737, 66, 7.0, 18.71
1724319738, 65, 7.0, 18.71
1724319739, 65, 7.0, 18.71
1724319740, 64, 7.0, 18.53
1724319741, 64, 7.0, 18.53
1724319742, 64, 7.0, 18.53
1724319743, 64, 7.0, 18.54
1724319744, 65, 7.0, 18.54
1724319745, 65, 7.0, 18.54
1724319746, 65, 7.0, 18.54
1724319747, 65, 7.0, 18.49
1724319748, 65, 7.0, 18.49
1724319749, 64, 7.0, 18.55
1724319750, 63, 7.0, 18.55
1724319751, 62, 9.0, 18.55
1724319752, 62, 9.0, 18.62
1724319753, 60, 9.0, 18.62
1724319754, 59, 9.0, 18.87
1724319755, 58, 9.0, 18.87
1724319756, 57, 11.0, 18.87
1724319757, 56, 11.0, 19.09
1724319758, 55, 11.0, 19.09
1724319759, 55, 11.0, 23.36
1724319760, 55, 11.0, 23.36
1724319761, 55, 13.0, 23.36
1724319762, 55, 13.0, 23.68
1724319763, 55, 13.0, 23.68
1724319764, 55, 13.0, 23.68
1724319765, 56, 13.0, 23.68
1724319766, 56, 12.0, 23.68
1724319767, 57, 12.0, 23.68
1724319768, 57, 12.0, 23.84
1724319769, 58, 12.0, 23.84
1724319770, 57, 12.0, 23.84
1724319771, 57, 10.0, 23.84
1724319772, 57, 10.0, 23.84
1724319773, 59, 10.0, 23.84
1724319774, 59, 10.0, 23.81
1724319775, 60, 10.0, 23.81
1724319776, 61, 8.0, 23.81
1724319777, 61, 8.0, 23.81
1724319778, 62, 8.0, 23.81
1724319779, 62, 8.0, 23.81
1724319780, 62, 8.0, 23.81
1724319781, 61, 7.0, 23.79
1724319782, 61, 7.0, 23.79
1724319783, 61, 7.0, 23.79
1724319784, 61, 7.0, 23.79
1724319785, 61, 7.0, 23.79
1724319786, 61, 4.0, 23.79
1724319787, 61, 4.0, 23.79
1724319788, 61, 4.0, 23.75
1724319789, 61, 4.0, 23.75
1724319790, 61, 4.0, 23.75
1724319791, 61, 3.0, 23.75
1724319792, 61, 3.0, 23.75
1724319793, 61, 3.0, 23.7
1724319794, 62, 3.0, 23.7
1724319795, 62, 3.0, 23.7
1724319796, 62, 2.0, 23.7
1724319797, 62, 2.0, 23.7
1724319798, 62, 2.0, 23.7
1724319799, 62, 2.0, 23.7
1724319800, 62, 2.0, 23.7
1724319801, 62, 2.0, 23.7
1724319802, 61, 2.0, 23.59
1724319803, 61, 2.0, 23.59
1724319804, 61, 2.0, 23.59
1724319805, 61, 2.0, 23.59
1724319806, 61, 3.0, 23.53
1724319807, 60, 3.0, 23.53
1724319808, 59, 3.0, 23.53
1724319809, 59, 3.0, 23.53
1724319810, 59, 3.0, 23.39
1724319811, 60, 3.0, 23.39
1724319812, 61, 3.0, 23.4
1724319813, 61, 3.0, 23.4
1724319814, 62, 3.0, 23.4
1724319815, 62, 3.0, 23.38
1724319816, 62, 4.0, 23.38
1724319817, 63, 4.0, 23.38
1724319818, 63, 4.0, 23.37
1724319819, 64, 4.0, 23.37
1724319820, 63, 4.0, 23.37
1724319821, 61, 4.0, 23.35
1724319822, 61, 4.0, 23.35
1724319823, 61, 4.0, 23.32
1724319824, 59, 4.0, 23.32
1724319825, 57, 4.0, 23.32
1724319826, 57, 4.0, 23.32
1724319827, 56, 4.0, 23.14
1724319828, 56, 4.0, 23.14
1724319829, 55, 4.0, 22.75
1724319830, 54, 4.0, 22.75
1724319831, 55, 4.0, 22.75
1724319832, 55, 4.0, 22.75
1724319833, 54, 4.0, 22.75
1724319834, 54, 4.0, 22.57
1724319835, 55, 4.0, 22.57
1724319836, 55, 3.0, 22.57
1724319837, 55, 3.0, 22.47
1724319838, 55, 3.0, 22.47
1724319839, 54, 3.0, 22.47
1724319840, 54, 3.0, 22.5
1724319841, 54, 2.0, 22.5
1724319842, 54, 2.0, 22.5
1724319843, 54, 2.0, 22.4
1724319844, 54, 2.0, 22.4
1724319845, 54, 2.0, 22.42
1724319846, 54, 1.0, 22.42
1724319847, 53, 1.0, 22.42
1724319848, 53, 1.0, 22.48
1724319849, 57, 1.0, 22.48
1724319850, 59, 1.0, 22.56
1724319851, 58, 1.0, 22.56
1724319852, 58, 1.0, 22.56
1724319853, 58, 1.0, 22.64
1724319854, 58, 1.0, 22.64
1724319855, 58, 1.0, 22.64
1724319856, 57, NaN, 22.64
1724319857, 57, NaN, 22.64
1724319858, 58, NaN, 22.48
1724319859, 59, NaN, 22.48
1724319860, 63, NaN, 22.45
1724319861, 65, NaN, 22.45
1724319862, 66, NaN, 22.52
1724319863, 67, NaN, 22.52
1724319864, 68, NaN, 22.52
1724319865, 69, NaN, 22.53
1724319866, 69, 2.0, 22.53
1724319867, 68, 2.0, 22.55
1724319868, 68, 2.0, 22.55
1724319869, 69, 2.0, 22.55
1724319870, 70, 2.0, 22.55
1724319871, 73, 5.0, 22.55
1724319872, 74, 5.0, 22.55
1724319873, 74, 5.0, 22.4
1724319874, 74, 5.0, 22.4
1724319875, 74, 5.0, 22.4
1724319876, 73, NaN, 22.32
1724319877, 71, NaN, 22.32
1724319878, 70, NaN, 22.32
1724319879, 69, NaN, 22.32
1724319880, 69, NaN, 22.2
1724319881, 67, NaN, 22.2
1724319882, 66, NaN, 22.2
1724319883, 65, NaN, 22.2
1724319884, 63, NaN, 22.2
1724319885, 62, NaN, 21.99
1724319886, 60, NaN, 21.99
1724319887, 59, NaN, 21.99
1724319888, 58, NaN, 21.99
1724319889, 58, NaN, 21.99
1724319890, 57, NaN, 21.99
1724319891, 57, 10.0, 21.15
1724319892, 57, 10.0, 21.15
1724319893, 57, 10.0, 21.15
1724319894, 57, 10.0, 21.15
1724319895, 57, 10.0, 20.91
1724319896, 57, 7.0, 20.91
1724319897, 57, 7.0, 20.91
1724319898, 56, 7.0, 20.92
1724319899, 56, 7.0, 20.92
1724319900, 56, 7.0, 20.92
1724319901, 56, NaN, 20.92
1724319902, 55, NaN, 20.8
1724319903, 55, NaN, 20.8
1724319904, 55, NaN, 20.83
1724319905, 55, NaN, 20.83
1724319906, 55, NaN, 20.83
1724319907, 55, NaN, 20.83
1724319908, 55, NaN, 20.57
1724319909, 56, NaN, 20.57
1724319910, 57, NaN, 20.72
1724319911, 58, NaN, 20.72
1724319912, 59, NaN, 20.72
1724319913, 59, NaN, 20.78
1724319914, 59, NaN, 20.78
1724319915, 59, NaN, 20.89
1724319916, 59, NaN, 20.89
1724319917, 59, NaN, 20.89
1724319918, 58, NaN, 20.99
1724319919, 59, NaN, 20.99
1724319920, 59, NaN, 22.29
1724319921, 59, NaN, 22.29
1724319922, 59, NaN, 22.29
1724319923, 58, NaN, 23.42
1724319924, 57, NaN, 23.42
1724319925, 56, NaN, 23.42
1724319926, 53, NaN, 23.3
1724319927, 52, NaN, 23.3
1724319928, 52, NaN, 23.34
1724319929, 52, NaN, 23.34
1724319930, 53, NaN, 23.34
1724319931, 55, NaN, 23.34
1724319932, 55, NaN, 23.26
1724319933, 56, NaN, 23.26
1724319934, 56, NaN, 23.26
1724319935, 56, NaN, 23.26
1724319936, 56, NaN, 23.2
1724319937, 56, NaN, 23.2
1724319938, 55, NaN, 23.2
1724319939, 55, NaN, 23.2
1724319940, 55, NaN, 23.09
1724319941, 55, NaN, 23.09
1724319942, 55, NaN, 23.1
1724319943, 55, NaN, 23.1
1724319944, 55, NaN, 23.1
1724319945, 55, NaN, 23.11
1724319946, 55, NaN, 23.11
1724319947, 55, NaN, 23.12
1724319948, 56, NaN, 23.12
1724319949, 56, NaN, 23.12
1724319950, 56, NaN, 23.14
1724319951, 56, NaN, 23.14
1724319952, 56, NaN, 24.3
1724319953, 55, NaN, 24.3
1724319954, 55, NaN, 24.45
1724319955, 54, NaN, 24.45
1724319956, 54, NaN, 24.45
1724319957, 54, NaN, 24.4
1724319958, 54, NaN, 24.4
1724319959, 54, NaN, 24.4
1724319960, 56, NaN, 24.4
1724319961, 56, NaN, 24.4
1724319962, 56, NaN, 24.36
1724319963, 57, NaN, 24.36
1724319964, 57, NaN, 24.36
1724319965, 57, NaN, 24.35
1724319966, 57, NaN, 24.35
1724319967, 57, NaN, 24.35
1724319968, 57, NaN, 24.35
1724319969, 57, NaN, 24.35
1724319970, 58, NaN, 24.35
1724319971, 58, NaN, 24.3
1724319972, 58, NaN, 24.3
1724319973, 59, NaN, 24.3
1724319974, 60, NaN, 24.3
1724319975, 59, NaN, 24.27
1724319976, 59, NaN, 24.27
1724319977, 59, NaN, 24.27
1724319978, 59, NaN, 24.15
1724319979, 59, NaN, 24.15
1724319980, 58, NaN, 24.15
1724319981, 57, NaN, 24.15
1724319982, 55, NaN, 24.15
1724319983, 54, NaN, 24.15
1724319984, 53, NaN, 24.15
1724319985, 52, NaN, 24.15
1724319986, 51, NaN, 24.16
1724319987, 51, NaN, 24.16
1724319988, 51, NaN, 24.16
1724319989, 52, NaN, 24.16
1724319990, 52, NaN, 24.16
1724319991, 53, NaN, 24.16
1724319992, 54, NaN, 24.07
1724319993, 55, NaN, 24.07
1724319994, 56, NaN, 24.07
1724319995, 57, NaN, 24.07
1724319996, 58, NaN, 24.01
1724319997, 59, NaN, 24.01
1724319998, 59, NaN, 24.01
1724319999, 59, NaN, 24.01
1724320000, 59, NaN, 24.01
1724320001, 60, NaN, 24.01
1724320002, 61, NaN, 23.93
1724320003, 61, NaN, 23.93
1724320004, 62, NaN, 23.93
1724320005, 62, NaN, 23.89
1724320006, 62, NaN, 23.89
1724320007, 62, NaN, 23.89
1724320008, 63, NaN, 23.88
1724320009, 63, NaN, 23.88
1724320010, 64, NaN, 23.88
1724320011, 65, 1.0, 23.88
1724320012, 70, 1.0, 23.76
1724320013, 74, 1.0, 23.76
1724320014, 74, 1.0, 23.76
1724320015, 76, 1.0, 23.76
1724320016, 80, NaN, 23.76
1724320017, 81, NaN, 23.6
1724320018, 81, NaN, 23.6
1724320019, 80, NaN, 23.28
1724320020, 80, NaN, 23.28
1724320021, 79, 8.0, 23.28
1724320022, 78, 8.0, 23.22
1724320023, 77, 8.0, 23.22
1724320024, 78, 8.0, 23.22
1724320025, 78, 8.0, 23.13
1724320026, 77, 13.0, 23.13
1724320027, 77, 13.0, 23.13
1724320028, 80, 13.0, 23.13
1724320029, 82, 13.0, 23.13
1724320030, 84, 13.0, 23.13
1724320031, 86, 18.0, 22.89
1724320032, 86, 18.0, 22.89
1724320033, 85, 18.0, 22.89
1724320034, 84, 18.0, 22.89
1724320035, 83, 18.0, 22.89
1724320036, 82, 27.0, 22.88
1724320037, 83, 27.0, 22.88
1724320038, 82, 27.0, 22.93
1724320039, 81, 27.0, 22.93
1724320040, 80, 27.0, 22.93
1724320041, 78, 44.0, 22.93
1724320042, 75, 44.0, 22.93
1724320043, 74, 44.0, 22.85
1724320044, 73, 44.0, 22.85
1724320045, 72, 44.0, 22.85
1724320046, 72, 41.0, 22.85
1724320047, 71, 41.0, 22.85
1724320048, 71, 41.0, 22.85
1724320049, 70, 41.0, 22.85
1724320050, 69, 41.0, 22.73
1724320051, 68, 34.0, 22.73
1724320052, 69, 34.0, 22.73
1724320053, 70, 34.0, 22.7
1724320054, 69, 34.0, 22.7
1724320055, 69, 34.0, 22.7
1724320056, 70, 27.0, 22.69
1724320057, 70, 27.0, 22.69
1724320058, 70, 27.0, 22.69
1724320059, 70, 27.0, 22.69
1724320060, 71, 27.0, 22.69
1724320061, 72, NaN, 22.69
1724320062, 73, NaN, 22.46
1724320063, 73, NaN, 22.46
1724320064, 74, NaN, 22.46
1724320065, 74, NaN, 22.51
1724320066, 74, NaN, 22.51
1724320067, 74, NaN, 22.51
1724320068, 74, NaN, 22.51
1724320069, 74, NaN, 22.39
1724320070, 74, NaN, 22.39
1724320071, 74, NaN, 22.39
1724320072, 73, NaN, 22.38
1724320073, 73, NaN, 22.38
1724320074, 72, NaN, 22.38
1724320075, 71, NaN, 22.38
1724320076, 71, NaN, 22.38
1724320077, 70, NaN, 22.38
1724320078, 70, NaN, 22.38
1724320079, 70, NaN, 22.38
1724320080, 69, NaN, 22.44
1724320081, 69, NaN, 22.44
1724320082, 69, NaN, 22.83
1724320083, 68, NaN, 22.83
1724320084, 68, NaN, 22.83
1724320085, 68, NaN, 23.17
1724320086, 68, 20.0, 23.17
1724320087, 69, 20.0, 23.17
1724320088, 70, 20.0, 23.17
1724320089, 70, 20.0, 23.17
1724320090, 71, 20.0, 23.02
1724320091, 71, NaN, 23.02
1724320092, 72, NaN, 23.02
1724320093, 72, NaN, 22.95
1724320094, 71, NaN, 22.95
1724320095, 74, NaN, 22.95
1724320096, 75, 14.0, 22.95
1724320097, 77, 14.0, 22.95
1724320098, 78, 14.0, 22.99
1724320099, 80, 14.0, 22.99
1724320100, 80, 14.0, 22.99
1724320101, 81, 14.0, 23.02
1724320102, 81, 14.0, 23.02
1724320103, 81, 14.0, 22.99
1724320104, 82, 14.0, 22.99
1724320105, 84, 14.0, 22.99
1724320106, 85, 17.0, 23.06
1724320107, 85, 17.0, 23.06
1724320108, 86, 17.0, 23.06
1724320109, 86, 17.0, 23.06
1724320110, 83, 17.0, 23.06
1724320111, 80, 20.0, 22.88
1724320112, 80, 20.0, 22.88
1724320113, 78, 20.0, 22.72
1724320114, 78, 20.0, 22.72
1724320115, 78, 20.0, 22.72
1724320116, 76, 22.0, 22.72
1724320117, 74, 22.0, 22.55
1724320118, 71, 22.0, 22.55
1724320119, 68, 22.0, 22.55
1724320120, 66, 22.0, 22.33
1724320121, 65, 21.0, 22.33
1724320122, 64, 21.0, 22.33
1724320123, 63, 21.0, 22.07
1724320124, 63, 21.0, 22.07
1724320125, 64, 21.0, 22.15
1724320126, 64, 22.0, 22.15
1724320127, 65, 22.0, 22.27
1724320128, 64, 22.0, 22.27
1724320129, 64, 22.0, 22.27
1724320130, 64, 22.0, 22.22
1724320131, 64, 22.0, 22.22
1724320132, 65, 22.0, 22.22
1724320133, 66, 22.0, 22.22
1724320134, 67, 22.0, 22.22
1724320135, 66, 22.0, 22.22
1724320136, 65, 20.0, 22.21
1724320137, 64, 20.0, 22.21
1724320138, 64, 20.0, 22.21
1724320139, 69, 20.0, 22.21
1724320140, 74, 20.0, 22.1
1724320141, 77, 16.0, 22.1
1724320142, 79, 16.0, 22.1
1724320143, 86, 16.0, 21.95
1724320144, 87, 16.0, 21.95
1724320145, 89, 16.0, 21.99
1724320146, 92, 15.0, 21.99
1724320147, 94, 15.0, 21.99
1724320148, 95, 15.0, 21.99
1724320149, 96, 15.0, 21.76
1724320150, 97, 15.0, 21.76
1724320151, 98, 17.0, 21.76
1724320152, 98, 17.0, 21.76
1724320153, 97, 17.0, 21.57
1724320154, 96, 17.0, 21.57
1724320155, 95, 17.0, 21.57
1724320156, 94, 20.0, 21.41
1724320157, 93, 20.0, 21.41
1724320158, 91, 20.0, 21.41
1724320159, 86, 20.0, 21.34
1724320160, 82, 20.0, 21.34
1724320161, 81, 24.0, 21.45
1724320162, 76, 24.0, 21.45
1724320163, 71, 24.0, 21.45
1724320164, 69, 24.0, 21.45
1724320165, 67, 24.0, 21.45
1724320166, 65, 32.0, 21.45
1724320167, 64, 32.0, 21.45
1724320168, 64, 32.0, 21.45
1724320169, 63, 32.0, 21.34
1724320170, 63, 32.0, 21.34
1724320171, 62, 34.0, 21.34
1724320172, 62, 34.0, 21.34
1724320173, 62, 34.0, 21.34
1724320174, 63, 34.0, 21.34
1724320175, 63, 34.0, 21.34
1724320176, 63, 35.0, 21.34
1724320177, 65, 35.0, 21.29
1724320178, 65, 35.0, 21.29
1724320179, 65, 35.0, 21.31
1724320180, 67, 35.0, 21.31
1724320181, 69, 31.0, 21.31
1724320182, 69, 31.0, 21.31
1724320183, 67, 31.0, 21.31
1724320184, 66, 31.0, 21.31
1724320185, 66, 31.0, 21.31
1724320186, 66, 27.0, 21.14
1724320187, 66, 27.0, 21.14
1724320188, 67, 27.0, 21.14
1724320189, 69, 27.0, 21.14
1724320190, 73, 27.0, 21.09
1724320191, 77, 22.0, 21.09
1724320192, 80, 22.0, 21.09
1724320193, 83, 22.0, 21.1
1724320194, 84, 22.0, 21.1
1724320195, 84, 22.0, 21.13
1724320196, 84, 19.0, 21.13
1724320197, 85, 19.0, 21.13
1724320198, 85, 19.0, 21.16
1724320199, 84, 19.0, 21.16
1724320200, 84, 19.0, 21.4
1724320201, 83, 19.0, 21.4
1724320202, 82, 19.0, 21.4
1724320203, 81, 19.0, 22.23
1724320204, 80, 19.0, 22.23
1724320205, 79, 19.0, 22.23
1724320206, 79, 22.0, 22.23
1724320207, 78, 22.0, 22.23
1724320208, 78, 22.0, 22.07
1724320209, 78, 22.0, 22.07
1724320210, 77, 22.0, 22.08
1724320211, 77, 23.0, 22.08
1724320212, 77, 23.0, 22.08
1724320213, 76, 23.0, 22.08
1724320214, 76, 23.0, 22.03
1724320215, 75, 23.0, 22.03
1724320216, 75, NaN, 22.03
1724320217, 75, NaN, 22.03
1724320218, 75, NaN, 22.03
1724320219, 73, NaN, 21.89
1724320220, 71, NaN, 21.89
1724320221, 71, NaN, 21.94
1724320222, 69, NaN, 21.94
1724320223, 68, NaN, 21.94
1724320224, 68, NaN, 21.93
1724320225, 69, NaN, 21.93
1724320226, 71, NaN, 21.93
1724320227, 73, NaN, 21.84
1724320228, 74, NaN, 21.84
1724320229, 75, NaN, 21.84
1724320230, 75, NaN, 21.84
1724320231, 75, NaN, 21.84
1724320232, 75, NaN, 21.84
1724320233, 75, NaN, 21.84
1724320234, 76, NaN, 21.7
1724320235, 76, NaN, 21.7
1724320236, 77, NaN, 21.7
1724320237, 76, NaN, 21.7
1724320238, 76, NaN, 21.7
1724320239, 77, NaN, 21.7
1724320240, 76, NaN, 21.58
1724320241, 76, NaN, 21.58
1724320242, 73, NaN, 21.58
1724320243, 68, NaN, 21.5
1724320244, 65, NaN, 21.5
1724320245, 66, NaN, 21.53
1724320246, 67, NaN, 21.53
1724320247, 67, NaN, 21.53
1724320248, 68, NaN, 21.56
1724320249, 69, NaN, 21.56
1724320250, 70, NaN, 21.61
1724320251, 70, 17.0, 21.61
1724320252, 70, 17.0, 21.61
1724320253, 70, 17.0, 21.83
1724320254, 70, 17.0, 21.83
1724320255, 72, 17.0, 21.83
1724320256, 74, NaN, 21.57
1724320257, 74, NaN, 21.57
1724320258, 74, NaN, 21.57
1724320259, 74, NaN, 21.57
1724320260, 74, NaN, 21.57
1724320261, 74, NaN, 21.42
1724320262, 75, NaN, 21.47
1724320263, 75, NaN, 21.47
1724320264, 76, NaN, 21.47
1724320265, 76, NaN, 21.47
1724320266, 77, NaN, 21.26
1724320267, 77, NaN, 21.26
1724320268, 78, NaN, 21.26
1724320269, 78, NaN, 21.26
1724320270, 79, NaN, 21.36
1724320271, 79, 22.0, 21.46
1724320272, 79, 22.0, 21.46
1724320273, 79, 22.0, 21.46
1724320274, 79, 22.0, 21.46
1724320275, 79, 22.0, 21.46
1724320276, 79, 24.0, 21.29
1724320277, 79, 24.0, 21.29
1724320278, 80, 24.0, 21.29
1724320279, 80, 24.0, 21.29
1724320280, 80, 24.0, 21.29
1724320281, 80, 34.0, 21.29
1724320282, 80, 34.0, 21.24
1724320283, 79, 34.0, 21.12
1724320284, 78, 34.0, 21.12
1724320285, 78, 34.0, 21.12
1724320286, 78, 33.0, 21.12
1724320287, 78, 33.0, 21.12
1724320288, 77, 33.0, 20.91
1724320289, 77, 33.0, 20.91
1724320290, 76, 33.0, 20.91
1724320291, 77, 33.0, 20.91
1724320292, 77, 33.0, 20.69
1724320293, 77, 33.0, 20.69
1724320294, 77, 33.0, 20.81
1724320295, 77, 33.0, 20.81
1724320296, 77, 33.0, 20.81
1724320297, 76, 33.0, 20.81
1724320298, 76, 33.0, 20.81
1724320299, 76, 33.0, 20.81
1724320300, 75, 33.0, 20.81
1724320301, 75, NaN, 20.81
1724320302, 74, NaN, 20.81
1724320303, 74, NaN, 20.81
1724320304, 74, NaN, 20.67
1724320305, 77, NaN, 20.71
1724320306, 80, NaN, 20.71
1724320307, 82, NaN, 20.71
1724320308, 82, NaN, 20.71
1724320309, 82, NaN, 20.71
1724320310, 82, NaN, 20.71
1724320311, 82, 36.0, 20.71
1724320312, 81, 36.0, 20.71
1724320313, 81, 36.0, 20.71
1724320314, 81, 36.0, 20.71
1724320315, 82, 36.0, 20.71
1724320316, 81, 39.0, 20.61
1724320317, 81, 39.0, 20.65
1724320318, 80, 39.0, 20.65
1724320319, 80, 39.0, 20.65
1724320320, 80, 39.0, 20.65
1724320321, 81, 40.0, 20.65
1724320322, 82, 40.0, 20.65
1724320323, 82, 40.0, 20.65
1724320324, 82, 40.0, 20.58
1724320325, 82, 40.0, 20.58
1724320326, 82, 42.0, 20.61
1724320327, 82, 42.0, 20.61
1724320328, 82, 42.0, 20.61
1724320329, 82, 42.0, 20.61
1724320330, 81, 42.0, 20.61
1724320331, 80, 44.0, 20.54
1724320332, 79, 44.0, 20.54
1724320333, 79, 44.0, 20.54
1724320334, 78, 44.0, 20.54
1724320335, 77, 44.0, 20.5
1724320336, 76, 42.0, 20.5
1724320337, 77, 42.0, 20.56
1724320338, 77, 42.0, 20.56
1724320339, 76, 42.0, 20.56
1724320340, 76, 42.0, 20.56
1724320341, 76, 39.0, 20.56
1724320342, 77, 39.0, 20.56
1724320343, 78, 39.0, 20.6
1724320344, 77, 39.0, 20.6
1724320345, 75, 39.0, 20.6
1724320346, 74, NaN, 20.6
1724320347, 72, NaN, 20.6
1724320348, 72, NaN, 20.6
1724320349, 72, NaN, 20.6
1724320350, 71, NaN, 20.32
1724320351, 72, NaN, 20.29
1724320352, 72, NaN, 20.29
1724320353, 71, NaN, 20.29
1724320354, 71, NaN, 20.29
1724320355, 71, NaN, 20.29
1724320356, 70, NaN, 20.02
1724320357, 69, NaN, 20.02
1724320358, 68, NaN, 20.02
1724320359, 68, NaN, 20.1
1724320360, 68, NaN, 20.1
1724320361, 68, NaN, 20.1
1724320362, 68, NaN, 20.06
1724320363, 66, NaN, 20.06
1724320364, 67, NaN, 20.06
1724320365, 67, NaN, 20.17
1724320366, 66, 23.0, 20.17
1724320367, 67, 23.0, 20.17
1724320368, 67, 23.0, 20.04
1724320369, 67, 23.0, 20.04
1724320370, 66, 23.0, 20.04
1724320371, 65, 19.0, 20.27
1724320372, 64, 19.0, 20.27
1724320373, 65, 19.0, 20.27
1724320374, 67, 19.0, 20.27
1724320375, 68, 19.0, 20.27
1724320376, 70, 18.0, 20.27
1724320377, 70, 18.0, 20.03
1724320378, 70, 18.0, 20.03
1724320379, 70, 18.0, 20.03
1724320380, 70, 18.0, 20.03
1724320381, 71, 18.0, 20.03
1724320382, 71, 18.0, 20.03
1724320383, 71, 18.0, 20.03
1724320384, 71, 18.0, 19.83
1724320385, 70, 18.0, 19.83
1724320386, 70, NaN, 19.83
1724320387, 69, NaN, 19.82
1724320388, 67, NaN, 19.82
1724320389, 66, NaN, 19.82
1724320390, 65, NaN, 19.82
1724320391, 60, 18.0, 19.82
1724320392, 58, 18.0, 19.82
1724320393, 57, 18.0, 19.66
1724320394, 56, 18.0, 19.66
1724320395, 55, 18.0, 19.66
1724320396, 55, 17.0, 19.66
1724320397, 53, 17.0, 19.27
1724320398, 53, 17.0, 19.27
1724320399, 53, 17.0, 19.27
1724320400, 53, 17.0, 19.27
1724320401, 53, 16.0, 19.27
1724320402, 52, 16.0, 19.36
1724320403, 52, 16.0, 19.27
1724320404, 51, 16.0, 19.27
1724320405, 51, 16.0, 19.27
1724320406, 51, 14.0, 19.27
1724320407, 51, 14.0, 19.27
1724320408, 51, 14.0, 19.27
1724320409, 51, 14.0, 19.27
1724320410, 52, 14.0, 19.27
1724320411, 52, 12.0, 19.27
1724320412, 52, 12.0, 19.27
1724320413, 52, 12.0, 19.27
1724320414, 52, 12.0, 19.27
1724320415, 52, 12.0, 19.27
1724320416, 53, 10.0, 19.03
1724320417, 52, 10.0, 19.03
1724320418, 52, 10.0, 19.03
1724320419, 52, 10.0, 19.03
1724320420, 52, 10.0, 19.03
1724320421, 52, 7.0, 19.03
1724320422, 51, 7.0, 19.03
1724320423, 51, 7.0, 19.03
1724320424, 52, 7.0, 19.03
1724320425, 52, 7.0, 19.03
1724320426, 52, 4.0, 19.03
1724320427, 53, 4.0, 19.03
1724320428, 54, 4.0, 19.03
1724320429, 54, 4.0, 18.81
1724320430, 53, 4.0, 18.81
1724320431, 53, 2.0, 18.81
1724320432, 53, 2.0, 18.81
1724320433, 53, 2.0, 18.81
1724320434, 53, 2.0, NaN
1724320435, NaN, 2.0, NaN
1724320436, NaN, 1.0, NaN
1724320437, NaN, 1.0, NaN
1724320438, NaN, 1.0, NaN
1724320439, NaN, 1.0, NaN
1724320440, NaN, 1.0, NaN
1724320498, 72, NaN, 18.81
1724320499, 72, NaN, 18.81
1724320500, 72, NaN, 18.81
1724320501, 71, NaN, 18.81
1724320502, 72, NaN, 18.81
1724320503, 74, NaN, 18.71
1724320504, 75, NaN, 18.71
1724320505, 75, NaN, 18.71
1724320506, 75, NaN, 18.71
1724320507, 74, NaN, 18.54
1724320508, 73, NaN, 18.54
1724320509, 73, NaN, 18.54
1724320510, 72, NaN, 18.54
1724320511, 72, NaN, 18.54
1724320512, 72, NaN, 18.22
1724320513, 72, NaN, 18.22
1724320514, 72, NaN, 18.22
1724320515, 72, NaN, 18.22
1724320516, 72, NaN, 17.99
1724320517, 73, NaN, 17.99
1724320518, 73, NaN, 17.99
1724320519, 73, NaN, 18.34
1724320520, 73, NaN, 18.34
1724320521, 74, NaN, 18.56
1724320522, 74, NaN, 18.56
1724320523, 74, NaN, 18.56
1724320524, 74, NaN, 18.79
1724320525, 74, NaN, 18.79
1724320526, 74, NaN, 18.79
1724320527, 74, NaN, 18.79
1724320528, 74, NaN, 18.65
1724320529, 74, NaN, 18.65
1724320530, 74, NaN, 18.65
1724320531, 74, NaN, 18.45
1724320532, 74, NaN, 18.45
1724320533, 74, NaN, 18.45
1724320534, 73, NaN, 18.77
1724320535, 73, NaN, 18.77
1724320536, 73, NaN, 18.77
1724320537, 73, NaN, 18.77
1724320538, 73, NaN, 18.77
1724320539, 73, NaN, 18.56
1724320540, 73, NaN, 18.56
1724320541, 73, NaN, 18.56
1724320542, 73, NaN, 18.56
1724320543, 73, NaN, 18.56
1724320544, 72, NaN, 18.56
1724320545, 72, NaN, 18.56
1724320546, 73, NaN, 18.28
1724320547, 72, NaN, 18.28
1724320548, 72, NaN, 18.28
1724320549, 72, NaN, 18.28
1724320550, 72, NaN, 18.4
1724320551, 72, NaN, 18.4
1724320552, 72, NaN, 18.4
1724320553, 72, NaN, 18.4
1724320554, 72, NaN, 18.4
1724320555, 72, NaN, 18.28
1724320556, 72, NaN, 18.28
1724320557, 72, NaN, 18.28
1724320558, 72, NaN, 18.28
1724320559, 72, NaN, 18.3
1724320560, 73, NaN, 18.3
1724320561, 74, NaN, 18.3
1724320562, 74, NaN, 18.3
1724320563, 74, NaN, 18.3
1724320564, 74, NaN, 18.2
1724320565, 73, NaN, 18.2
1724320566, 73, NaN, 18.2
1724320567, 72, NaN, 18.16
1724320568, 73, NaN, 18.16
1724320569, 73, NaN, 18.16
1724320570, 73, NaN, 18.3
1724320571, 73, NaN, 18.3
1724320572, 73, NaN, 18.3
1724320573, 73, NaN, 18.26
1724320574, 72, NaN, 18.26
1724320575, 73, NaN, 18.26
1724320576, 74, NaN, 18.43
1724320577, 74, NaN, 18.43
1724320578, 73, NaN, 18.43
1724320579, 72, NaN, NaN
